1001,21.043825,52.249655
1002,21.038033,52.251944
1003,21.035045,52.255131
1004,21.02832,52.256812
1005,21.027453,52.259748
1006,21.021274,52.26343
1007,21.020254,52.266734
1008,21.017239,52.270312
1009,21.014409,52.273792
1010,21.011933,52.278222
1011,21.00961,52.282017
1012,21.006317,52.286831
1013,21.00158,52.291008
1014,20.997471,52.295346
1015,20.993484,52.29942
1016,20.988942,52.303355
1017,20.9838,52.308114
1018,20.978607,52.312495
1019,20.974668,52.316128
1020,20.971534,52.321013
1021,20.968007,52.327393
1022,20.965911,52.331576
1023,20.961474,52.334766
1024,20.957859,52.338092
1025,20.951739,52.343703
1026,20.948752,52.347007
1027,20.940915,52.355916
1028,21.051434,52.252951
1029,21.053012,52.256268
1030,21.055742,52.257216
1031,21.059514,52.258178
1032,21.043699,52.254256
1033,21.049278,52.255746
1034,21.05249,52.259259
1035,21.057124,52.263368
1036,21.06477,52.261655
1037,21.06776,52.26106
1038,21.072855,52.26078
1039,21.077053,52.26096
1040,21.084805,52.26049
1041,21.088543,52.26091
1042,21.09559,52.260366
1043,21.100661,52.260614
1044,21.093342,52.264624
1045,21.06353,52.26381
1046,21.068507,52.265872
1047,21.072932,52.267766
1048,21.078986,52.270289
1049,21.08717,52.27382
1050,21.091479,52.27323
1051,21.093753,52.270976
1052,21.040776,52.257294
1053,21.045607,52.260996
1054,21.058636,52.266556
1055,21.060434,52.269139
1056,21.063137,52.273027
1057,21.066869,52.277026
1058,21.070179,52.280249
1059,21.072662,52.28366
1060,21.075809,52.287038
1061,21.070194,52.290459
1062,21.06114,52.292116
1063,21.063231,52.286082
1064,21.087365,52.28645
1065,21.095827,52.28617
1066,21.034798,52.258239
1067,21.039552,52.259541
1068,21.042536,52.259168
1069,21.042928,52.260133
1070,21.042768,52.264076
1071,21.038371,52.263994
1072,21.035886,52.26037
1074,21.03305,52.264094
1075,21.030858,52.266874
1076,21.038172,52.266804
1077,21.03729,52.269309
1078,21.032027,52.273544
1079,21.027379,52.278266
1080,21.026429,52.281025
1081,21.034187,52.283525
1082,21.032851,52.285015
1083,21.030564,52.288327
1084,21.029314,52.290187
1085,21.027054,52.293486
1086,21.024471,52.297018
1087,21.021792,52.298513
1088,21.021251,52.301211
1089,21.017768,52.305644
1090,21.01579,52.308566
1091,21.013867,52.310668
1092,21.009638,52.303499
1093,21.006993,52.30667
1094,21.005153,52.309108
1095,21.001239,52.313415
1096,20.99947,52.316326
1097,20.997715,52.319
1098,20.993102,52.324848
1099,20.990989,52.327476
1100,20.988092,52.341756
1101,20.982822,52.345082
1102,20.981802,52.315292
1103,20.976197,52.335083
1104,20.986348,52.33467
1105,20.992642,52.339088
1106,20.994916,52.343612
1107,20.997631,52.344876
1108,20.99965,52.340692
1109,20.999238,52.337642
1110,21.00433,52.33621
1111,20.965336,52.337573
1112,20.972825,52.343225
1113,20.975257,52.346933
1114,20.977928,52.349942
1115,20.984354,52.353151
1116,20.982328,52.355499
1117,20.958502,52.33265
1118,20.955318,52.330342
1119,20.950094,52.326598
1120,20.940852,52.320638
1121,21.06595,52.28887
1122,20.965417,52.313225
1123,21.033739,52.39398
1124,20.989064,52.309737
1125,20.994956,52.31142
1126,21.012671,52.317113
1127,21.019395,52.318736
1128,21.024369,52.32115
1129,21.02895,52.32727
1130,21.029902,52.33333
1131,21.02887,52.339249
1132,21.029054,52.349221
1133,21.028999,52.355699
1134,21.027848,52.362572
1135,21.028248,52.365169
1136,21.057574,52.270512
1137,21.046755,52.270545
1138,21.046085,52.273371
1139,21.053281,52.273372
1140,21.05632,52.275071
1141,21.053057,52.276515
1142,21.04172,52.27073
1143,21.043291,52.273783
1144,21.044441,52.278452
1145,21.048291,52.288225
1147,21.04166,52.292488
1151,21.053433,52.283228
1152,21.041957,52.300097
1153,21.042043,52.296124
1154,21.036628,52.29642
1155,21.040383,52.288196
1156,21.035577,52.288455
1157,21.022546,52.286043
1158,21.018367,52.291228
1159,21.01258,52.293506
1160,21.054504,52.261966
1162,21.015821,52.294943
1163,21.029922,52.252677
1164,21.013955,52.262069
1165,21.033157,52.297608
1166,21.031322,52.300489
1167,21.029888,52.303806
1168,21.030086,52.307016
1169,21.029962,52.311378
1170,21.029844,52.314934
1171,21.0295,52.31672
1172,21.032478,52.318502
1173,21.032439,52.32297
1174,21.031761,52.32604
1175,21.032289,52.330434
1176,21.033366,52.334819
1177,21.060394,52.278957
1178,21.056305,52.27978
1179,21.058662,52.302361
1180,21.063413,52.311141
1182,21.066821,52.322609
1183,21.063058,52.325005
1184,20.916244,52.399884
1185,20.933995,52.364285
1186,20.93043,52.368605
1187,20.925165,52.37462
1188,20.917367,52.37812
1189,20.924705,52.38424
1190,20.928595,52.38788
1191,20.93436,52.39297
1192,20.928275,52.39592
1193,20.922777,52.39837
1194,20.946942,52.324544
1195,20.944377,52.322667
1196,20.919035,52.406885
1197,20.915441,52.410859
1199,21.048284,52.2635
1200,21.028462,52.343019
1202,21.078628,52.322483
1203,21.075525,52.324309
1204,21.06847,52.3242
1205,21.06096,52.306748
1206,20.95994,52.35116
1208,20.926335,52.421608
1209,21.116422,52.277932
1210,21.109915,52.28455
1211,21.106305,52.28651
1213,21.046625,52.27618
1215,21.048437,52.286286
1216,21.041492,52.285304
1217,21.060602,52.262557
1218,20.989594,52.336644
1219,20.96728,52.319168
1220,21.032073,52.250138
1221,21.086955,52.300821
1222,21.11185,52.28168
1223,21.058656,52.32935
1224,21.055479,52.332672
1225,21.051134,52.340082
1226,21.047952,52.340046
1227,20.914342,52.403572
1228,20.919,52.396537
1229,20.920575,52.39413
1230,20.924387,52.391377
1231,21.042239,52.245421
1232,21.038418,52.243442
1233,21.091988,52.307546
1234,21.084632,52.304782
1235,21.0888,52.30329
1236,21.096065,52.312065
1237,21.100263,52.317913
1238,21.107855,52.32635
1239,21.114195,52.33415
1240,21.118463,52.33894
1241,21.1294,52.35246
1242,21.134343,52.358903
1243,21.12278,52.361775
1244,21.11136,52.3609
1246,21.122035,52.343775
1250,20.962079,52.314814
1251,20.957713,52.313167
1253,20.94183,52.333146
1254,20.969808,52.324276
1255,21.072006,52.32243
1256,20.960786,52.316747
1257,20.945972,52.318701
1258,21.0817,52.294652
1259,21.011116,52.301204
1260,21.032266,52.299608
1263,20.926156,52.414644
1264,20.923745,52.41769
1265,21.02874,52.369665
1266,21.02915,52.378483
1267,21.0353,52.397535
1268,21.037545,52.402785
1269,21.03834,52.40754
1270,21.035465,52.421585
1271,21.033495,52.42476
1272,21.03044,52.43018
1273,21.04117,52.433775
1274,21.04596,52.437465
1275,21.04982,52.440475
1276,21.056333,52.441113
1277,20.952288,52.317902
1278,20.957308,52.326807
1279,21.078696,52.290998
1280,21.061693,52.310194
1281,21.051767,52.304838
1282,21.051866,52.291947
1283,21.052284,52.308647
1285,21.05104,52.314577
1286,21.050225,52.317855
1287,21.049292,52.322868
1288,21.048203,52.327085
1289,21.047184,52.331343
1290,21.04297,52.34746
1291,21.038706,52.35258
1292,21.034589,52.262845
1293,21.046151,52.361362
1294,21.053489,52.361088
1295,21.061857,52.361693
1296,21.036229,52.357668
1297,21.03,52.385315
1298,20.940657,52.327516
1299,20.92848,52.37424
1300,21.077426,52.263732
1301,21.052621,52.262617
1302,20.93063,52.39469
1303,21.066439,52.274313
1304,21.082995,52.28658
1305,21.036136,52.250832
1306,20.885724,52.411181
1307,20.90022,52.41077
1308,20.90702,52.4107
1309,20.92528,52.403615
1310,20.928025,52.402135
1311,20.934674,52.397483
1312,20.96837,52.321056
1313,20.959856,52.32428
1314,20.955182,52.320776
1315,20.947195,52.332067
1316,20.952266,52.331772
1317,20.942523,52.34858
1318,21.047286,52.334369
1319,21.055273,52.296832
1320,21.09331,52.32054
1321,21.022795,52.43612
1323,21.011747,52.453363
1324,20.934868,52.371128
1325,20.938125,52.375945
1326,21.055875,52.324482
1327,21.09234,52.294935
1328,21.096934,52.294591
1329,21.103744,52.294693
1332,21.11822,52.288265
1333,21.11994,52.2841
1334,21.12066,52.28719
1335,21.124598,52.284497
1337,21.13402,52.285275
1339,21.012234,52.320272
1340,21.112592,52.288844
1342,21.152915,52.300355
1343,21.160288,52.303197
1344,21.154992,52.308468
1345,21.152089,52.310542
1346,21.04717,52.33801
1347,21.05932,52.341476
1348,21.055588,52.346232
1349,21.054508,52.3493
1351,21.053246,52.355892
1352,21.10333,52.320925
1353,21.03282,52.317098
1354,21.036732,52.317697
1355,21.042717,52.317608
1356,21.023881,52.277342
1357,21.057082,52.322226
1358,21.057927,52.319281
1359,21.060035,52.315679
1360,21.05975,52.448515
1361,21.06966,52.452695
1362,21.075085,52.457435
1363,21.07522,52.464614
1364,21.069754,52.47187
1365,21.069834,52.474077
1366,20.945957,52.350013
1367,20.93714,52.39693
1368,20.94196,52.39973
1369,20.945713,52.396983
1370,20.93764,52.394947
1371,20.947785,52.40273
1372,20.951695,52.40581
1373,20.951075,52.41056
1374,20.946625,52.412035
1375,20.93961,52.411945
1376,20.93267,52.414265
1377,20.921476,52.41489
1378,20.93286,52.42383
1379,20.939153,52.421297
1388,21.23457,52.34226
1389,21.229708,52.345599
1390,21.24263,52.350374
1391,21.255432,52.356427
1393,21.260126,52.351925
1395,21.241731,52.346194
1396,21.24214,52.34095
1397,21.23462,52.338886
1398,21.216614,52.333147
1400,21.194814,52.315641
1402,20.936927,52.327507
1403,20.936411,52.332838
1404,20.937556,52.336672
1405,20.939994,52.339866
1406,20.942691,52.337558
1407,21.13319,52.35686
1409,20.934145,52.374855
1411,20.95088,52.40376
1412,20.95419,52.40125
1413,20.981665,52.39147
1414,21.000845,52.384735
1415,21.013175,52.38801
1416,21.01942,52.38264
1417,20.95917,52.39646
1418,20.955805,52.394985
1420,20.95546,52.39928
1421,20.941724,52.341671
1422,20.943524,52.34613
1423,20.955231,52.409203
1424,20.941079,52.353203
1425,20.906752,52.382063
1426,20.903885,52.38673
1427,20.89569,52.397015
1428,20.891555,52.40224
1429,20.937969,52.324401
1430,21.078124,52.279038
1431,21.081353,52.280672
1433,21.160999,52.363741
1434,21.16587,52.36197
1435,21.164248,52.359458
1436,21.154968,52.360072
1437,21.147253,52.360012
1438,21.039259,52.358972
1439,21.090635,52.470325
1440,21.095105,52.479155
1441,21.102925,52.47968
1442,21.10959,52.48011
1443,21.123256,52.481008
1444,21.13589,52.48211
1445,21.130875,52.48152
1446,21.116455,52.480545
1447,21.14091,52.3666
1448,21.14506,52.371
1449,21.15118,52.37872
1450,21.155767,52.384257
1451,21.1612,52.391
1452,21.168895,52.400235
1453,21.174595,52.407045
1454,21.179055,52.41567
1455,21.18126,52.4172
1456,21.187355,52.414925
1457,21.192365,52.41377
1458,21.200864,52.410408
1463,21.074441,52.322268
1464,20.91814,52.37935
1468,21.032405,52.257052
1469,20.959687,52.310817
1470,21.065528,52.32796
1471,20.982088,52.351868
1472,21.079444,52.307388
1473,21.124419,52.279106
1474,21.131063,52.280273
1475,21.130374,52.286108
1476,21.128894,52.287423
1477,21.057534,52.284065
1478,21.037912,52.415314
1479,20.941082,52.368516
1481,21.083073,52.275379
1482,21.080635,52.277369
1483,20.952576,52.354788
1486,20.97094,52.334287
1487,21.170738,52.330761
1488,21.182638,52.337993
1489,21.19646,52.338043
1490,21.2144,52.336947
1491,21.167626,52.324309
1492,21.11144,52.2951
1493,21.11392,52.293905
1494,21.11711,52.290985
1496,21.049482,52.321379
1497,20.96477,52.322756
1498,20.970775,52.310301
1499,20.975702,52.307154
1500,20.98107,52.303706
1503,21.053888,52.335073
1504,21.05853,52.309525
1506,21.085427,52.273358
1507,20.943018,52.323932
1509,21.037102,52.260173
1510,21.03496,52.307546
1511,21.039746,52.310148
1512,21.038056,52.314528
1513,21.034678,52.420269
1514,20.946205,52.362412
1517,21.050269,52.274183
1519,21.046074,52.343465
1520,21.060467,52.313052
1521,20.966004,52.316097
1522,21.062336,52.256618
1524,21.06673,52.314124
1526,21.022658,52.311908
1527,20.987532,52.331681
1529,21.056535,52.292329
1700,21.220838,52.345599
1701,20.91682,52.414103
1702,21.1675,52.361053
1703,21.218437,52.325429
1704,21.211026,52.341954
1705,21.199344,52.338638
1706,21.222375,52.342463
1707,21.191445,52.326572
1708,21.191642,52.355044
1709,21.198577,52.348606
1710,21.213894,52.340068
1711,21.193824,52.333525
1712,21.181055,52.344333
1713,21.194806,52.339046
1714,21.204605,52.337948
1715,21.217408,52.328043
1717,21.211231,52.34496
1719,20.949773,52.459975
1720,21.108427,52.44235
1721,21.156368,52.430482
1726,21.146807,52.393155
1727,21.142641,52.396232
1728,21.135082,52.399313
1729,21.12425,52.402545
1730,21.116692,52.405221
1731,21.189414,52.320652
1732,21.188725,52.316759
1733,21.179558,52.359378
1734,21.20685,52.348126
1735,21.187062,52.315319
1738,21.147981,52.435426
1739,21.174057,52.421169
1740,21.152769,52.386736
1741,21.250162,52.329099
1742,21.316644,52.370735
1743,21.238706,52.346297
1744,21.285853,52.324749
1745,21.225495,52.369426
1746,21.254081,52.350184
1748,21.225478,52.347178
1749,21.231429,52.35005
1750,21.237461,52.352026
1754,21.25029,52.345468
1755,21.242901,52.342208
1756,21.242564,52.336173
1757,21.250286,52.333882
1758,21.206062,52.313051
1759,21.217936,52.309778
1760,21.234711,52.309926
1761,21.24295,52.310792
1762,21.27158,52.317492
1763,21.291424,52.317202
1764,21.29883,52.335401
1765,21.272603,52.33179
1766,21.25855,52.348078
1767,21.247532,52.348606
1768,21.222478,52.359135
1769,21.228258,52.374096
1770,21.250391,52.374923
1771,21.267135,52.372754
1772,21.281812,52.365803
1773,21.048794,52.425664
1774,21.03951,52.430508
1775,21.333133,52.363597
1776,21.303602,52.356578
1777,21.320894,52.352903
1778,21.164636,52.317205
1779,21.172953,52.36015
1780,21.268816,52.356379
1781,21.289974,52.362329
1782,21.268668,52.338132
1783,21.281794,52.362822
1784,21.247459,52.354962
1785,21.1493,52.390537
1786,21.323003,52.367185
1787,21.25868,52.311644
1788,21.25635,52.347338
1789,20.89655,52.386164
1790,20.86997,52.39239
1791,20.84148,52.397992
1792,20.824741,52.401267
1793,20.818751,52.402455
1794,20.809973,52.404199
1795,20.793502,52.407538
1796,20.779575,52.410332
1797,20.756752,52.414967
1798,20.74546,52.417142
1799,20.73742,52.418694
1800,20.941425,52.400645
1801,20.963335,52.419635
1802,20.959535,52.424515
1804,20.955065,52.428895
1805,20.959185,52.435285
1806,20.962195,52.440155
1807,20.964485,52.443725
1808,20.96854,52.450095
1809,20.96423,52.45206
1810,20.95603,52.45234
1811,20.95556,52.45834
1812,20.95705,52.45731
1813,20.944155,52.462195
1814,20.949355,52.471145
1815,20.94552,52.47893
1817,20.92698,52.4706
1818,20.915435,52.47634
1819,20.92334,52.48293
1820,20.97687,52.44667
1821,20.940815,52.452745
1822,20.92149,52.45363
1824,20.88908,52.454485
1825,20.87297,52.45367
1826,20.85979,52.448063
1828,20.83912,52.440875
1829,20.814275,52.44297
1830,20.799605,52.441965
1831,20.77733,52.43914
1834,20.964065,52.415595
1835,20.959805,52.41224
1840,20.894275,52.46216
1841,20.86342,52.44145
1843,20.95621,52.42763
1844,20.951905,52.42487
1845,20.945655,52.41927
1846,20.93767,52.3995
1847,20.96904,52.448855
1848,21.15489,52.296965
1849,21.159498,52.294658
1850,21.161722,52.297698
1851,21.153631,52.312184
1852,21.156842,52.314617
1853,21.152814,52.315122
1854,21.146102,52.315812
1855,21.144463,52.314286
1856,21.13678,52.311504
1857,21.130646,52.31226
1859,20.767555,52.44558
1860,21.157336,52.306358
1861,20.951225,52.398415
1862,20.822072,52.441076
1863,21.045413,52.396591
1865,21.139058,52.441611
1866,21.122009,52.444506
1868,21.0833,52.423603
1869,21.091377,52.414288
1870,21.100586,52.409576
1871,20.973723,52.408229
1872,20.964904,52.410464
1873,21.045085,52.394225
1874,21.044075,52.387355
1875,21.040245,52.376525
1876,20.776048,52.44873
1877,21.040701,52.3805
1878,20.759858,52.435308
1879,20.746108,52.43128
1880,20.7291,52.430817
1881,20.720684,52.430884
1882,20.709683,52.430733
1883,21.050508,52.423165
1884,21.055374,52.415886
1885,21.057501,52.409457
1888,21.084934,52.418347
1890,21.058562,52.40107
1891,21.057508,52.396534
1892,21.056671,52.392384
1893,21.03778,52.397085
1894,21.013658,52.390928
1896,20.999635,52.396294
1897,20.993273,52.401644
1898,20.988413,52.403502
1899,20.97138,52.408805
1901,21.01794,52.263575
1902,21.02248,52.277335
1903,21.013135,52.294005
1904,20.9989,52.31418
1905,20.98607,52.33377
1906,20.97241,52.357665
1907,20.942355,52.40118
1908,20.942705,52.41259
1909,20.962815,52.42261
1910,20.97443,52.42803
1911,20.912478,52.411546
1918,21.113444,52.292502
1919,21.152522,52.292707
1920,21.038949,52.256009
1921,21.15566,52.31088
1922,21.189736,52.32568
1923,21.21257,52.335486
1924,21.237255,52.346146
1925,21.255764,52.354194
1926,21.282093,52.365484
1927,21.080098,52.277887
1950,20.730142,52.419404
1951,20.726086,52.422886
1952,20.718481,52.428563
1953,20.889328,52.418272
1954,20.886854,52.422415
1955,20.877592,52.430392
1956,20.871904,52.43366
1957,21.239171,52.347562
1958,21.209645,52.337777
1959,21.209216,52.339611
1960,21.238888,52.342355
1961,21.236496,52.336408
1962,21.237262,52.333612
1963,21.238447,52.337633
1964,21.239681,52.345291
1965,21.161855,52.315052
1966,21.136949,52.314315
1967,21.148358,52.313171
1968,21.184052,52.312662
1969,21.173866,52.314539
1970,21.16869,52.313172
1971,21.164842,52.312702
1972,21.156191,52.310429
1973,21.163416,52.308062
1974,21.160454,52.304592
1975,21.127956,52.314942
1976,21.145221,52.31169
1977,21.116266,52.316953
1978,21.159306,52.294813
1979,21.155933,52.292156
1980,21.155101,52.294774
1981,21.107756,52.324071
1982,21.158525,52.311694
1983,21.160856,52.37181
1984,21.043085,52.375179
1985,21.163085,52.380016
1986,21.29833,52.3586
1988,20.967742,52.409667
1989,21.304726,52.367398
1990,21.327579,52.356179
2001,21.047702,52.247497
2002,21.052453,52.247438
2003,21.058496,52.246902
2004,21.06373,52.246547
2005,21.069575,52.246179
2006,21.074744,52.246017
2007,21.079062,52.245622
2008,21.085262,52.244738
2009,21.091599,52.244736
2010,21.095215,52.243883
2011,21.101954,52.24279
2012,21.107784,52.241212
2013,21.114516,52.239745
2014,21.119211,52.237913
2015,21.126867,52.234122
2016,21.130427,52.232833
2017,21.136884,52.229942
2018,21.14031,52.228227
2019,21.155045,52.226128
2020,21.160852,52.22606
2021,21.174844,52.225436
2022,21.187226,52.224992
2023,21.194933,52.22472
2024,21.162982,52.221404
2025,21.164389,52.217561
2026,21.165955,52.21331
2027,21.170801,52.210084
2028,21.174835,52.206406
2029,21.181703,52.206912
2030,21.185758,52.206841
2031,21.192225,52.207381
2032,21.196574,52.208335
2033,21.200965,52.208905
2034,21.205617,52.210087
2035,21.149136,52.2229
2036,21.153292,52.219269
2037,21.15795,52.21378
2038,21.161948,52.209908
2039,21.167372,52.204745
2040,21.171855,52.200487
2041,21.180918,52.191394
2042,21.186056,52.186451
2043,21.188678,52.184193
2044,21.193641,52.178736
2045,21.198896,52.173517
2046,21.201908,52.170525
2047,21.206426,52.166
2048,21.211635,52.161087
2049,21.220241,52.164546
2050,21.223976,52.169068
2051,21.22686,52.171624
2052,21.204014,52.159434
2053,21.197582,52.158481
2054,21.188315,52.1566
2055,21.182584,52.155567
2056,21.187281,52.152489
2057,21.188705,52.149867
2058,21.132122,52.238994
2059,21.135619,52.241841
2060,21.138716,52.238306
2061,21.143107,52.237346
2062,21.148352,52.238415
2063,21.153387,52.239365
2064,21.156109,52.23983
2065,21.160888,52.240898
2066,21.165293,52.241732
2067,21.138386,52.24387
2068,21.143298,52.24793
2069,21.151934,52.252904
2070,21.158109,52.256725
2071,21.134134,52.244564
2072,21.132568,52.247519
2073,21.128926,52.252122
2074,21.127672,52.255356
2075,21.127406,52.259041
2076,21.12188,52.265335
2077,21.120699,52.267626
2078,21.117624,52.273557
2079,21.14125,52.22592
2080,21.132256,52.258972
2081,21.144823,52.260361
2082,21.154604,52.259848
2083,21.161424,52.259044
2084,21.165818,52.257105
2085,21.172307,52.256924
2086,21.176989,52.256885
2087,21.163414,52.260482
2088,21.16914,52.264151
2090,21.157048,52.263469
2091,21.15373,52.267394
2092,21.150692,52.270058
2093,21.153966,52.27179
2094,21.15818,52.273205
2095,21.162694,52.274722
2096,21.054448,52.226436
2097,21.062998,52.228454
2098,21.067994,52.229941
2099,21.075224,52.232986
2100,21.07926,52.235328
2101,21.087197,52.235756
2102,21.098127,52.234988
2103,21.107476,52.233659
2104,21.115083,52.232955
2105,21.11271,52.236372
2106,21.105595,52.236905
2107,21.100082,52.238208
2108,21.107133,52.248352
2109,21.105275,52.246223
2110,21.097675,52.248176
2111,21.092217,52.249678
2112,21.08834,52.250155
2113,21.084717,52.249803
2114,21.082228,52.250386
2115,21.07807,52.250366
2116,21.074529,52.250039
2117,21.067337,52.250332
2118,21.065458,52.251885
2119,21.059642,52.25064
2120,21.052671,52.250358
2121,21.083496,52.252672
2122,21.078876,52.252653
2123,21.07322,52.251862
2124,21.09516,52.230162
2125,21.15827,52.234169
2126,21.184861,52.188588
2127,21.075249,52.243417
2128,21.100598,52.225969
2129,21.078925,52.24191
2130,21.083481,52.239625
2131,21.050689,52.238516
2132,21.062824,52.240399
2133,21.071568,52.242078
2134,21.078682,52.243646
2135,21.07467,52.238946
2136,21.077019,52.236689
2137,21.080309,52.23927
2138,21.05643,52.237894
2139,21.059382,52.235097
2140,21.061141,52.232283
2141,21.06658,52.233168
2142,21.064534,52.230988
2143,21.070855,52.225258
2144,21.077793,52.226052
2145,21.08371,52.225909
2146,21.092532,52.225005
2147,21.097549,52.223975
2148,21.102271,52.222456
2149,21.093866,52.227563
2150,21.066615,52.225061
2151,21.05931,52.226603
2152,21.057582,52.229045
2153,21.053727,52.234948
2154,21.053839,52.231095
2155,21.051716,52.229028
2156,21.202713,52.156969
2157,21.203523,52.153841
2158,21.209214,52.154274
2159,21.216139,52.155468
2160,21.214584,52.161493
2161,21.221095,52.162254
2162,21.223076,52.160324
2163,21.223785,52.158757
2164,21.219876,52.157264
2165,21.216619,52.15947
2166,21.193426,52.171303
2167,21.187459,52.171982
2168,21.181682,52.172349
2169,21.176973,52.172855
2170,21.176408,52.175924
2171,21.174148,52.177376
2172,21.172136,52.180152
2173,21.17194,52.183688
2174,21.17664,52.184533
2175,21.183636,52.18413
2176,21.23767,52.10613
2177,21.195526,52.183401
2178,21.202182,52.183004
2179,21.206624,52.18284
2180,21.211993,52.18263
2181,21.218138,52.182361
2182,21.226893,52.181892
2183,21.219835,52.185474
2184,21.224762,52.186657
2185,21.139596,52.223831
2186,21.137756,52.221852
2187,21.133995,52.2178
2188,21.132878,52.214256
2189,21.133872,52.20629
2190,21.134058,52.202515
2191,21.134763,52.199251
2192,21.136229,52.196617
2193,21.138125,52.193776
2194,21.140766,52.190247
2195,21.143513,52.186105
2198,21.15494,52.172045
2199,21.160746,52.165482
2200,21.165843,52.162698
2201,21.170122,52.16036
2202,21.063886,52.222166
2203,21.071023,52.221569
2204,21.081524,52.22124
2205,21.09784,52.217902
2206,21.105436,52.211907
2207,21.110056,52.207618
2208,21.113346,52.204658
2209,21.118581,52.199267
2210,21.122965,52.19194
2211,21.128282,52.187316
2212,21.133308,52.18442
2213,21.139602,52.17879
2214,21.146315,52.175762
2215,21.12911,52.201572
2216,21.141878,52.198393
2217,21.149632,52.200921
2218,21.159278,52.203048
2219,21.140575,52.260045
2220,21.169443,52.27678
2221,21.232616,52.171253
2222,21.242213,52.169916
2223,21.18979,52.145112
2224,21.191632,52.137242
2225,21.194445,52.132125
2226,21.197435,52.128085
2227,21.20094,52.1234
2228,21.206425,52.120045
2229,21.214045,52.11415
2230,21.220955,52.10872
2231,21.234285,52.10593
2232,21.24518,52.106145
2237,21.269023,52.099127
2238,21.26624,52.09831
2239,21.26512,52.10375
2240,21.24867,52.10046
2241,21.258515,52.09969
2242,21.264152,52.097587
2244,21.191981,52.181424
2245,21.200202,52.17318
2247,21.133315,52.21054
2248,21.222605,52.242225
2249,21.101675,52.214625
2250,21.09647,52.23238
2251,21.055707,52.238941
2252,21.08615,52.222925
2253,21.05578,52.231655
2254,21.2474,52.10224
2255,21.08811,52.220225
2256,21.17081,52.25162
2257,21.163474,52.203884
2258,21.151242,52.174028
2259,21.128677,52.240144
2260,21.14541,52.22814
2261,21.15141,52.22718
2262,21.172755,52.261805
2263,21.17833,52.26116
2264,21.143225,52.21414
2265,21.151835,52.214015
2266,21.110425,52.24503
2267,21.11487,52.24437
2268,21.11799,52.244315
2269,21.09721,52.22117
2270,21.088575,52.22812
2271,21.22218,52.239125
2272,21.2625,52.24389
2273,21.25138,52.2326
2274,21.22433,52.23222
2275,21.24316,52.220725
2276,21.17801,52.24531
2277,21.1893,52.24658
2278,21.19949,52.247735
2279,21.2076,52.2473
2280,21.21385,52.246705
2281,21.222953,52.24628
2282,21.223942,52.25065
2283,21.23275,52.250115
2284,21.239175,52.24977
2285,21.243857,52.249267
2286,21.2547,52.249075
2287,21.259535,52.24848
2288,21.265177,52.24753
2291,21.206505,52.22434
2292,21.21045,52.2242
2293,21.223218,52.22404
2294,21.23079,52.223475
2295,21.238175,52.223215
2296,21.250023,52.222643
2297,21.25512,52.217015
2298,21.264353,52.206487
2299,21.24565,52.19877
2300,21.25832,52.222495
2302,21.267125,52.22218
2303,21.314465,52.216035
2304,21.27856,52.22177
2305,21.285722,52.221277
2306,21.1839,52.246215
2307,21.29414,52.220445
2308,21.301765,52.218785
2309,21.309175,52.21718
2310,21.331695,52.21315
2311,21.340885,52.218325
2312,21.34792,52.22249
2313,21.091115,52.222035
2314,21.181355,52.19212
2315,21.175365,52.198095
2316,21.171365,52.202085
2317,21.162585,52.254655
2318,21.16725,52.253045
2319,21.119735,52.26952
2320,21.15918,52.23189
2321,21.184745,52.24713
2322,21.174645,52.25023
2325,21.292826,52.172538
2326,21.29162,52.177495
2328,21.27981,52.1903
2329,21.272135,52.198565
2330,21.29489,52.1706
2331,21.305725,52.17166
2332,21.322145,52.153715
2333,21.32608,52.15343
2334,21.35096,52.14972
2335,21.35898,52.14904
2336,21.368885,52.148
2337,21.37884,52.148325
2338,21.39418,52.13955
2339,21.412025,52.13432
2340,21.416825,52.1312
2341,21.34434,52.1501
2342,21.31625,52.163865
2343,21.21738,52.25115
2344,21.22343,52.2538
2345,21.222879,52.222025
2346,21.222125,52.217872
2347,21.230051,52.216532
2348,21.238437,52.21612
2349,21.242553,52.217226
2350,21.219626,52.152714
2351,21.223482,52.148847
2352,21.230365,52.142034
2353,21.234845,52.137435
2354,21.240075,52.129305
2358,21.261975,52.108425
2360,21.256325,52.080624
2362,21.101242,52.240959
2364,21.104296,52.257101
2365,21.113905,52.255715
2368,21.30511,52.159835
2369,21.31184,52.154453
2370,21.121534,52.257688
2371,21.169006,52.19859
2372,21.169438,52.195238
2373,21.172233,52.188868
2374,21.231007,52.180676
2375,21.233887,52.178678
2376,21.232012,52.17584
2377,21.229764,52.174001
2378,21.19069,52.24227
2379,21.191721,52.238765
2380,21.303905,52.183445
2381,21.313345,52.18693
2382,21.330395,52.1893
2383,21.34982,52.19048
2384,21.361018,52.192236
2385,21.10793,52.212446
2386,21.111327,52.21331
2387,21.119458,52.214884
2388,21.354092,52.16193
2389,21.358937,52.168868
2390,21.38613,52.142485
2391,21.42277,52.12972
2392,21.431865,52.134225
2393,21.451945,52.13422
2394,21.46385,52.13293
2395,21.170164,52.26779
2396,21.170559,52.271256
2397,21.123791,52.242384
2399,21.041744,52.239623
2400,21.10672,52.221065
2402,21.149928,52.190652
2403,21.16232,52.194034
2405,21.326195,52.143795
2406,21.333747,52.136987
2407,21.366894,52.119892
2408,21.379465,52.12463
2409,21.3852,52.126855
2410,21.38836,52.12713
2413,21.070321,52.249984
2414,21.17042,52.184276
2415,21.083474,52.232637
2416,21.083974,52.230467
2417,21.091592,52.231097
2418,21.095283,52.231126
2419,21.17167,52.281374
2420,21.172642,52.285369
2421,21.109232,52.217116
2422,21.160208,52.185351
2423,21.15302,52.186185
2425,21.159918,52.170862
2426,21.166615,52.172104
2429,21.171402,52.172247
2430,21.23796,52.170059
2431,21.377821,52.19935
2432,21.277192,52.247331
2435,21.298027,52.241104
2436,21.303401,52.241812
2438,21.172222,52.205688
2439,21.211053,52.211142
2440,21.21761,52.214446
2441,21.161102,52.260112
2449,21.158456,52.255395
2450,21.17573,52.267403
2451,21.179189,52.268639
2502,21.106176,52.229889
2801,21.259652,52.107702
2802,21.26367,52.10548
2803,21.271015,52.09632
2804,21.273565,52.098955
2805,21.27866,52.09953
2806,21.286495,52.097175
2807,21.295855,52.10217
2808,21.30062,52.105275
2809,21.30363,52.107245
2810,21.31055,52.11185
2811,21.308501,52.11047
2812,21.322825,52.11217
2813,21.33427,52.112185
2814,21.34274,52.112485
2816,21.3508,52.11384
2817,21.273331,52.104069
2818,21.276084,52.108267
2819,21.27693,52.10997
2820,21.279185,52.116655
2821,21.29249,52.124705
2822,21.31005,52.126365
2823,21.32265,52.13064
2826,21.402482,52.132566
2827,21.316765,52.112426
2828,21.32638,52.132561
2829,21.30051,52.125536
2830,21.284909,52.121636
2831,21.305571,52.243285
2832,21.308648,52.245144
2833,21.31328,52.244872
2834,21.314655,52.245741
2835,21.312791,52.246278
2836,21.300502,52.24435
2837,21.302476,52.248541
2838,21.303082,52.251254
2839,21.303958,52.254842
2840,21.303929,52.257351
2841,21.29975,52.257343
2842,21.298989,52.254445
2843,21.29881,52.252528
2844,21.294921,52.243319
2845,21.296241,52.243643
2846,21.28742,52.241904
2847,21.28215,52.242016
2848,21.278084,52.243813
2849,21.273124,52.24458
2850,21.271306,52.24252
2851,21.266264,52.241355
2852,21.257208,52.237666
2853,21.262758,52.237255
2854,21.271699,52.236826
2855,21.278804,52.234048
2856,21.28543,52.233248
2857,21.284333,52.217396
2858,21.286004,52.20843
2859,21.298304,52.204374
2860,21.303141,52.203353
2861,21.259188,52.101596
2862,21.24646,52.077007
2863,21.244567,52.077668
2864,21.240286,52.083153
2865,21.239268,52.08716
2866,21.245818,52.094164
2867,21.248306,52.09181
2868,21.237375,52.097816
2869,21.258966,52.086105
2870,21.250903,52.076132
2900,21.053342,52.251463
2901,21.043945,52.244715
2902,21.106515,52.24988
2903,21.135515,52.237055
2904,21.1495,52.22347
2905,21.1599,52.21304
2906,21.16904,52.2039
2907,21.18721,52.185705
2908,21.20016,52.17271
2909,21.210895,52.162005
2910,21.158455,52.257125
2911,21.22409,52.254095
2912,21.251025,52.25282
2913,21.277075,52.2478
2914,21.298862,52.240504
2915,21.22466,52.14814
2916,21.236825,52.13591
2917,21.251655,52.120965
2918,21.263132,52.109512
2919,21.296089,52.101139
2920,21.170752,52.276999
3001,21.020538,52.212829
3002,21.0207,52.209765
3003,21.022557,52.205302
3004,21.023451,52.202101
3005,21.02409,52.19733
3006,21.024044,52.194423
3007,21.024137,52.190069
3008,21.024621,52.186364
3009,21.023096,52.180392
3010,21.020894,52.176437
3011,21.019848,52.173118
3012,21.016054,52.167193
3013,21.017539,52.152964
3014,21.017656,52.147351
3015,21.017973,52.143562
3016,21.017826,52.13945
3017,21.017961,52.132402
3018,21.018087,52.127695
3019,21.018205,52.12305
3020,21.018319,52.117681
3021,21.01838,52.115166
3022,21.018112,52.111307
3023,21.018568,52.106112
3024,21.005556,52.110264
3025,20.996828,52.109292
3026,21.030921,52.206888
3027,21.03548,52.201904
3028,21.038931,52.197904
3029,21.045638,52.164895
3030,21.046542,52.190532
3031,21.049368,52.187902
3032,21.052126,52.185281
3033,21.055804,52.18173
3034,21.058611,52.179138
3035,21.062825,52.175391
3036,21.066235,52.17191
3037,21.027835,52.178182
3038,21.034756,52.177138
3039,21.044234,52.175207
3040,21.055524,52.17257
3041,21.061194,52.171295
3042,21.068083,52.169687
3043,21.075584,52.168061
3044,21.084119,52.167408
3045,21.087678,52.159532
3046,21.090817,52.154445
3047,21.093102,52.147561
3048,21.101,52.132598
3049,21.103919,52.127771
3050,21.102568,52.124255
3051,21.103278,52.119599
3052,21.098003,52.122882
3053,21.093592,52.12103
3055,21.084198,52.130574
3056,21.092891,52.116731
3057,21.047493,52.211645
3058,21.048781,52.206985
3059,21.049079,52.202488
3060,21.051865,52.197573
3061,21.05468,52.194802
3062,21.057689,52.192762
3063,21.059908,52.190239
3064,21.06381,52.186432
3065,21.068818,52.181743
3066,21.072031,52.179304
3067,21.077931,52.174958
3068,21.08146,52.171552
3069,21.05851,52.212933
3070,21.067558,52.212371
3071,21.073862,52.21192
3072,21.077362,52.208843
3073,21.074543,52.205826
3074,21.075567,52.203101
3075,21.07763,52.200491
3076,21.081063,52.19881
3077,21.084996,52.197318
3078,21.087792,52.194737
3079,21.084677,52.193292
3080,21.082871,52.190466
3081,21.0818,52.186836
3082,21.080118,52.184172
3083,21.077335,52.182503
3084,21.036401,52.206792
3085,21.042672,52.206687
3086,21.041656,52.202168
3087,21.046143,52.201014
3088,21.046367,52.199496
3089,21.063438,52.192405
3090,21.06792,52.191922
3091,21.075081,52.190742
3092,21.060567,52.184721
3093,21.053078,52.179965
3094,21.048318,52.177986
3095,21.045406,52.182947
3096,21.030151,52.17346
3097,21.038874,52.17265
3098,21.040782,52.170379
3099,21.043936,52.167687
3100,21.047344,52.163116
3101,21.085465,52.078105
3102,21.010641,52.15425
3103,21.002632,52.156751
3104,21.002278,52.158338
3105,21.014334,52.20865
3106,21.014763,52.204098
3108,21.019116,52.196676
3109,21.019333,52.189456
3110,21.018356,52.186798
3111,21.019947,52.18341
3112,21.014017,52.183264
3113,21.014089,52.179823
3114,21.017178,52.189096
3115,21.012236,52.188995
3116,21.007478,52.189026
3117,21.030555,52.200855
3118,21.003844,52.206822
3119,20.99228,52.171175
3120,21.036342,52.161922
3121,21.044472,52.156612
3122,21.049925,52.154955
3123,21.052905,52.1559
3124,21.055415,52.15826
3125,21.00516,52.202455
3126,21.00802,52.19539
3127,21.02776,52.162015
3128,21.02409,52.16186
3129,21.02128,52.158525
3130,21.02348,52.15587
3131,21.030557,52.154033
3132,21.034338,52.156188
3133,21.02715,52.15133
3134,21.03264,52.149538
3136,21.038197,52.153729
3137,21.041665,52.15524
3138,21.047705,52.151198
3139,21.042308,52.147803
3140,21.044286,52.142323
3141,21.04822,52.14374
3142,21.05104,52.145355
3143,21.05583,52.14904
3144,21.05258,52.150105
3146,21.061,52.14082
3147,21.092075,52.16053
3148,21.099245,52.161315
3149,21.105125,52.16131
3150,21.109329,52.165013
3151,21.050808,52.159158
3152,21.10186,52.17942
3153,21.11474,52.162
3154,21.11879,52.159435
3155,21.12434,52.15599
3156,21.12862,52.1565
3157,21.13295,52.15114
3158,21.13597,52.14745
3159,21.13821,52.14593
3160,21.019202,52.098425
3161,21.01933,52.088005
3162,21.023962,52.08217
3163,21.025301,52.078194
3164,21.03529,52.076465
3165,21.021445,52.079905
3167,21.028135,52.07383
3168,21.024135,52.06849
3169,21.01902,52.066094
3170,21.008415,52.05723
3171,20.999195,52.051895
3172,20.98977,52.049315
3173,21.079175,52.08474
3174,21.04898,52.076919
3175,21.063025,52.078415
3176,21.071725,52.07792
3177,21.077425,52.077985
3178,21.0888,52.07814
3179,21.10052,52.07729
3180,21.11071,52.077905
3181,21.118325,52.07877
3182,21.11378,52.080505
3183,21.119635,52.083985
3184,21.121605,52.08879
3185,21.122615,52.09072
3186,21.135159,52.095961
3187,21.125723,52.101868
3188,21.114907,52.102729
3190,21.06351,52.145265
3191,21.01901,52.09176
3192,21.13022,52.09977
3193,21.11706,52.095695
3194,21.054885,52.139075
3195,21.04964,52.1375
3196,21.107705,52.16775
3197,21.10762,52.17255
3198,21.106735,52.17662
3199,21.02099,52.1609
3200,21.065883,52.14235
3201,21.06881,52.13917
3202,21.0611,52.13676
3203,21.053515,52.13399
3205,21.02806,52.06793
3206,21.049595,52.16095
3207,21.05612,52.152715
3208,21.059765,52.149305
3209,21.07259,52.136455
3215,20.977365,52.04513
3216,20.970403,52.041775
3217,20.95441,52.04009
3218,20.943027,52.036907
3219,20.95149,52.032915
3220,20.959399,52.029305
3221,20.963937,52.035069
3222,21.107785,52.08974
3223,21.094905,52.085486
3224,21.074793,52.085067
3225,21.06461,52.084545
3226,21.04948,52.08221
3227,21.04287,52.080455
3228,21.008112,52.208377
3229,21.009775,52.203228
3230,21.01176,52.199865
3231,21.013565,52.196223
3232,21.014568,52.193195
3233,21.01085,52.192565
3234,21.00539,52.21031
3235,21.00111,52.20962
3237,21.00076,52.201915
3238,21.001223,52.198853
3239,21.00202,52.19544
3240,21.001952,52.188874
3241,21.002106,52.185781
3242,21.002174,52.183137
3243,21.001993,52.178251
3244,21.001773,52.175323
3245,21.00514,52.17174
3246,21.00877,52.171165
3247,21.00834,52.17026
3248,21.012406,52.174213
3249,21.00719,52.177887
3250,20.996948,52.179346
3251,20.994278,52.18001
3254,20.988263,52.181651
3255,20.99308,52.19676
3256,20.99558,52.19219
3257,20.99552,52.19124
3258,20.996477,52.18884
3259,20.993075,52.188475
3260,20.992918,52.185697
3261,20.99772,52.18436
3263,20.995387,52.175908
3265,20.99921,52.172431
3266,21.003945,52.170955
3267,20.997109,52.169675
3268,20.993065,52.16711
3269,20.992295,52.162795
3270,20.99239,52.15967
3271,20.991647,52.157347
3275,21.053523,52.100643
3278,21.107685,52.16304
3279,21.026228,52.173411
3280,21.045653,52.14963
3281,21.057665,52.139872
3282,21.066133,52.1311
3283,21.0604,52.131245
3284,21.05638,52.13141
3285,21.122545,52.095885
3286,21.000117,52.205721
3287,21.075118,52.13318
3288,21.071247,52.132006
3289,20.99909,52.156175
3290,21.00718,52.154785
3291,21.0265,52.14532
3292,21.024098,52.142918
3293,21.030325,52.1587
3294,21.11511,52.13045
3295,21.127945,52.13162
3296,21.134915,52.131665
3297,21.14553,52.12916
3298,21.027145,52.16461
3299,21.03741,52.14616
3300,21.038255,52.1442
3301,21.037885,52.150035
3304,21.11345,52.106044
3305,21.096463,52.104993
3306,21.088207,52.084847
3307,20.94578,52.03939
3308,21.083217,52.207247
3309,21.049145,52.174025
3311,21.14138,52.12598
3312,21.14921,52.131625
3313,21.15302,52.135
3314,21.112771,52.109744
3315,21.10592,52.105815
3317,21.098505,52.184985
3318,21.095065,52.18621
3319,21.08954,52.18155
3320,21.022403,52.074869
3321,21.014874,52.074084
3322,21.01771,52.07456
3323,21.068304,52.203281
3324,21.06059,52.20186
3325,21.049507,52.19531
3326,20.988371,52.197616
3327,20.89793,52.05642
3328,20.90527,52.05734
3329,20.910985,52.059995
3330,20.9246,52.054875
3331,20.93178,52.04931
3332,20.960385,52.06823
3333,21.0383,52.14117
3334,21.09684,52.12767
3335,21.01567,52.06306
3336,21.06569,52.12652
3337,21.03589,52.17348
3338,21.02637,52.169825
3339,20.951085,52.045194
3340,21.027915,52.06737
3342,20.99481,52.1508
3343,20.99514,52.155765
3344,21.031987,52.095258
3345,21.03745,52.09354
3346,21.041232,52.096819
3347,21.044795,52.099445
3348,21.04991,52.10233
3349,21.03897,52.09495
3350,20.956,52.04082
3351,20.94363,52.04872
3352,21.027688,52.098072
3353,21.069865,52.16479
3354,21.072265,52.160345
3355,21.124931,52.087194
3356,21.132855,52.079348
3357,21.150316,52.063704
3358,21.156366,52.061207
3359,21.159184,52.05747
3360,21.16733,52.05067
3361,21.171495,52.046678
3362,21.176532,52.038894
3363,21.18432,52.030092
3364,21.195228,52.011926
3365,21.197249,52.002984
3366,21.19963,51.999144
3367,21.209429,51.994246
3368,21.217179,51.981364
3369,21.21396,51.987134
3370,21.015895,52.072526
3382,21.097973,52.130831
3383,20.99226,52.176782
3384,21.02311,52.0729
3385,21.077053,52.157211
3386,21.138112,52.12867
3388,21.063644,52.212232
3389,21.144639,52.138788
3390,21.001754,52.19231
3391,21.080861,52.157936
3392,21.141782,52.144914
3393,21.14499,52.14278
3394,21.148187,52.141876
3395,21.013176,52.122674
3396,21.007179,52.123776
3398,20.998641,52.124037
3399,20.992924,52.12673
3400,21.068265,52.129151
3403,21.04353,52.14556
3404,21.01098,52.17137
3407,20.985238,52.130532
3409,20.989183,52.18518
3410,20.98897,52.183388
3411,20.992943,52.183215
3412,20.997189,52.18328
3413,21.014977,52.152553
3414,21.015329,52.149956
3415,21.015328,52.146801
3416,21.011044,52.14422
3419,21.006083,52.142301
3420,21.029027,52.14702
3421,21.093485,52.131003
3422,21.088667,52.131171
3423,21.078266,52.130476
3424,21.011764,52.110489
3425,21.067909,52.177422
3426,21.065081,52.137876
3427,21.059043,52.208026
3428,21.063399,52.205916
3437,21.044905,52.08519
3438,21.04976,52.08978
3439,21.053032,52.096794
3440,21.051068,52.09251
3441,21.110528,52.112399
3443,21.04198,52.175556
3444,21.084592,52.084597
3446,21.052423,52.09538
3700,21.045756,51.970791
3701,21.028511,52.075906
3703,21.041157,51.952747
3704,21.054567,51.948479
3705,21.068172,51.949787
3706,21.076155,51.955418
3707,21.07566,51.960266
3709,20.985956,51.942826
3710,20.901563,52.014215
3711,20.90449,52.019217
3712,21.177808,52.106239
3713,21.07535,52.0906
3714,21.07666,52.09173
3715,21.08417,52.08701
3716,21.190855,52.04998
3717,21.07965,52.09007
3718,21.154525,52.066035
3719,21.15398,52.06977
3720,21.201284,52.015145
3721,21.219325,52.017755
3722,21.21144,52.03314
3723,21.20343,52.03769
3724,21.099685,52.07984
3725,21.11707,52.09366
3727,21.174215,52.04949
3728,21.19573,52.045
3729,21.04352,52.06055
3730,21.04803,52.059225
3731,21.06507,52.05834
3732,21.07285,52.06096
3733,21.08729,52.0658
3734,21.058,52.07765
3735,21.05657,52.07179
3736,21.0524,52.06689
3737,21.051112,52.063047
3738,21.062345,52.05189
3739,21.087855,52.03915
3740,21.08906,52.02705
3741,21.09033,52.02009
3742,21.110545,52.002015
3743,21.109259,51.990779
3744,21.114851,51.982044
3745,21.132936,51.967354
3746,21.13373,51.96167
3747,21.041378,52.054795
3748,21.0311,52.066152
3749,21.218488,52.025494
3750,20.996742,52.039564
3751,20.996168,52.037007
3752,21.00287,52.023982
3753,21.001234,52.008574
3754,21.0898,52.06662
3755,21.08097,52.06367
3756,21.005618,52.051255
3757,21.040596,52.016318
3759,21.096404,51.953628
3760,21.108074,51.955014
3761,21.119003,51.956253
3762,21.15506,51.970912
3763,21.174016,51.974586
3764,21.19083,51.981008
3765,21.19573,51.98464
3766,21.124191,52.019672
3767,21.122124,52.033934
3768,21.114248,52.043092
3769,21.127032,52.022194
3770,21.123851,52.023271
3771,21.00527,52.020254
3772,21.21387,51.969608
3773,21.23154,51.959113
3774,21.224818,51.955834
3775,21.213132,51.954424
3776,21.212916,51.943673
3777,21.198922,51.93895
3778,21.176817,51.938112
3779,21.165921,51.940821
3780,21.154956,51.942976
3781,21.154802,51.946972
3782,21.135086,51.956038
3783,21.08821,51.959938
3784,21.105359,51.974565
3785,21.138161,51.948971
3786,21.10755,52.005225
3787,21.14956,52.121828
3788,21.165807,52.120934
3789,21.172728,52.121216
3790,21.167582,52.128489
3791,21.154936,52.125009
3792,21.146195,52.123823
3795,21.04154,52.082415
3796,20.990172,52.036767
3797,20.981261,52.030928
3798,20.971607,52.020461
3799,20.966982,52.015395
3801,20.984865,52.06971
3802,20.99144,52.069545
3804,20.95819,52.02791
3805,20.955662,52.022135
3806,20.949562,52.015364
3807,20.944765,52.010185
3808,20.936976,52.000246
3809,20.93495,51.994322
3811,20.99763,52.07013
3812,20.929882,51.995402
3813,21.013735,52.038705
3814,21.020975,52.031405
3815,21.02905,52.028305
3816,21.036105,52.02736
3817,21.015565,52.036775
3819,21.002123,52.04127
3820,20.92305,51.99807
3821,20.915155,52.00124
3822,20.908375,52.004005
3823,20.8981,52.00824
3824,20.899715,52.011195
3825,20.907605,52.0233
3826,20.914875,52.029575
3827,20.923435,52.036045
3828,20.93223,52.037225
3829,21.006345,52.096525
3830,21.001125,52.096255
3831,21.001175,52.094605
3833,21.001705,52.092095
3834,20.995485,52.090235
3835,20.98628,52.052734
3836,20.983165,52.056385
3837,20.98039,52.059375
3838,20.974445,52.058415
3839,20.96537,52.061725
3840,20.96189,52.06662
3841,21.00964,52.09638
3842,21.03999,52.02707
3845,21.130373,52.108414
3846,21.130042,52.106749
3847,21.153118,52.095064
3848,21.159333,52.093932
3849,21.164192,52.097824
3850,21.175793,52.092852
3851,21.184722,52.092009
3852,21.19164,52.087875
3853,21.197818,52.083285
3854,21.201883,52.079763
3855,21.170274,52.095154
3856,21.165466,52.102035
3858,21.167404,52.10411
3859,21.183662,52.108613
3860,21.097612,52.05627
3861,21.098743,52.060698
3862,21.09978,52.067956
3863,21.099351,52.0712
3865,21.0984,52.076565
3866,21.141664,52.083319
3867,21.147024,52.081092
3868,21.153007,52.075307
3869,21.158582,52.072777
3870,21.164744,52.068108
3871,21.175218,52.06023
3872,21.166104,52.058898
3873,21.160615,52.059383
3874,21.152054,52.064263
3875,21.149985,52.047754
3876,21.137593,52.046374
3877,21.135666,52.04926
3878,21.127011,52.051174
3879,21.117104,52.052406
3880,21.112198,52.052845
3881,21.116995,52.07276
3882,21.117325,52.075972
3883,21.040938,52.021949
3884,21.039848,52.010114
3885,21.042181,52.000387
3886,21.038782,51.987818
3887,21.003326,51.988408
3888,21.011134,51.97614
3889,21.026918,51.957668
3890,21.017628,51.949583
3891,20.999938,51.945894
3892,20.987741,51.943853
3893,20.961714,51.940749
3894,20.956635,51.940258
3895,21.050585,52.000169
3896,21.051373,51.994284
3897,21.051296,51.990898
3898,21.039201,51.981566
3899,21.04146,51.974925
3901,20.987042,52.180406
3902,20.991166,52.128586
3903,20.99327,52.109417
3904,20.995886,52.089264
3905,21.017499,52.066374
3906,21.041711,52.026554
3950,20.984986,52.003911
3951,21.023677,52.062837
3953,21.17039,52.063688
3954,21.019635,51.921819
3955,21.013125,51.934978
3956,21.148713,52.126933
3957,21.061865,51.963035
3959,21.115563,51.952706
3960,21.009118,52.071298
3961,21.124801,52.076697
3962,21.123758,52.074436
3963,21.116164,52.068608
3964,20.963524,52.011116
3965,21.151611,51.957426
3966,21.15883,51.959754
3968,21.156714,51.952361
3969,21.155703,52.05329
3970,21.129311,52.074629
3971,21.08359,51.967366
4001,20.989578,52.224875
4002,20.986738,52.222664
4003,20.983983,52.218855
4004,20.979706,52.214688
4005,20.976759,52.211206
4006,20.971657,52.205849
4007,20.969178,52.202625
4008,20.964105,52.197336
4009,20.963697,52.195383
4010,20.96076,52.193149
4011,20.958192,52.190212
4012,20.954302,52.185683
4013,20.951665,52.183361
4014,20.94733,52.179348
4015,20.943786,52.17557
4016,20.938433,52.171503
4018,20.93365,52.167066
4019,20.930697,52.163587
4020,20.93666,52.160615
4021,20.942355,52.158845
4022,20.95239,52.156445
4023,20.957635,52.156245
4024,20.963185,52.15589
4025,20.965215,52.153155
4026,20.96514,52.15167
4027,20.955294,52.212026
4028,20.989672,52.219496
4029,20.98923,52.216318
4030,20.987613,52.21041
4031,20.986045,52.204805
4032,20.984467,52.201317
4033,20.984217,52.198367
4034,20.983015,52.19582
4035,20.980373,52.19122
4036,20.980575,52.18868
4037,20.978798,52.18352
4038,20.978222,52.17979
4039,20.97934,52.175085
4041,20.98333,52.22343
4042,20.977505,52.221685
4043,20.972567,52.219179
4044,20.965734,52.218212
4045,20.961658,52.216372
4046,20.949405,52.210075
4047,20.942402,52.205314
4048,20.935697,52.201387
4049,20.928385,52.195892
4051,20.952605,52.212175
4052,20.994998,52.226505
4053,20.882796,52.129061
4055,20.868235,52.11934
4056,20.855814,52.113812
4057,20.833556,52.110338
4059,20.813395,52.09305
4060,20.82523,52.08568
4061,20.831585,52.08165
4062,20.83726,52.07786
4063,20.84378,52.06771
4064,20.893787,52.133144
4065,20.896995,52.12969
4066,20.89489,52.12432
4067,20.889351,52.11129
4068,20.886731,52.102917
4069,20.882535,52.09307
4070,20.878158,52.081837
4071,20.87519,52.07435
4072,20.87233,52.067035
4073,20.868083,52.058397
4074,20.86656,52.05228
4075,20.864515,52.04697
4076,20.861713,52.038513
4077,20.87673,52.02577
4078,20.880525,52.021965
4079,20.8909,52.011465
4080,20.89608,52.00781
4081,20.96077,52.2131
4082,20.9604,52.21127
4083,20.82066,52.08857
4084,20.975,52.1846
4085,20.96367,52.188435
4086,20.89418,52.197025
4087,20.9492,52.19202
4088,20.943455,52.193125
4089,20.936172,52.194447
4090,20.924456,52.196625
4091,20.91897,52.19844
4092,20.9142,52.19958
4093,20.909898,52.195164
4094,20.907883,52.19238
4095,20.89885,52.19525
4096,20.891655,52.19352
4098,20.89194,52.19065
4099,20.883822,52.189442
4100,20.883633,52.193772
4101,20.92719,52.203245
4102,20.923525,52.20448
4103,20.92499,52.207585
4104,20.95818,52.19831
4105,20.95047,52.20008
4106,20.94777,52.20054
4107,20.974,52.20504
4108,20.9819,52.210029
4109,20.97387,52.20222
4110,20.888405,52.18988
4111,20.97923,52.19828
4112,20.978835,52.201075
4113,20.97589,52.204425
4114,20.912185,52.187858
4115,20.86494,52.20339
4116,20.977092,52.217518
4117,20.9739,36.593827
4118,20.97001,52.210219
4119,20.96371,52.207903
4120,20.968262,52.207346
4121,20.981334,52.216481
4122,20.995655,52.21673
4123,20.895645,52.19363
4124,20.86277,52.20309
4125,20.902915,52.193681
4126,20.949855,52.21166
4127,20.87819,52.199275
4128,20.876096,52.20299
4129,20.890319,52.205834
4130,20.870425,52.183415
4131,20.898053,52.184297
4134,20.87332,52.187715
4135,20.92082,52.063337
4136,20.899815,52.099565
4137,20.974556,52.208718
4138,20.852015,52.173965
4140,20.98383,52.22126
4141,20.960505,52.184465
4142,20.85961,52.20357
4143,20.97336,52.181795
4144,20.983918,52.177666
4146,20.98445,52.167105
4147,20.98666,52.15806
4149,20.863563,52.20789
4150,20.825435,52.101712
4151,20.81384,52.10683
4152,20.997032,52.223602
4153,20.998852,52.218952
4154,20.968422,52.213932
4155,20.926345,52.159765
4156,20.92126,52.1551
4157,20.92026,52.15361
4158,20.9168,52.150645
4159,20.9108,52.145985
4160,20.90873,52.1442
4161,20.91958,52.13857
4162,20.92337,52.13688
4163,20.91959,52.13338
4164,20.9163,52.13404
4165,20.9018,52.1379
4166,20.901635,52.13911
4167,20.936665,52.149605
4168,20.94628,52.14664
4169,20.954975,52.145125
4170,20.97152,52.13674
4171,20.97506,52.1344
4172,20.97933,52.13335
4173,20.96219,52.12773
4174,20.95596,52.12574
4175,20.947815,52.12192
4176,20.94404,52.11905
4179,20.97944,52.121085
4180,20.97923,52.11734
4181,20.980065,52.113325
4182,20.983446,52.110477
4183,20.904244,52.181461
4184,20.91012,52.17756
4185,20.86589,52.20449
4190,20.822211,52.032322
4193,20.80553,52.16571
4194,20.799955,52.15966
4195,20.792654,52.153951
4196,20.793345,52.15712
4197,20.79189,52.15982
4198,20.964923,52.183601
4199,20.920871,52.204592
4200,20.97331,52.17215
4201,20.97369,52.17061
4202,20.97457,52.16857
4203,20.97906,52.1696
4205,20.873617,52.195107
4206,20.928805,52.15061
4207,20.865673,52.190993
4209,20.878805,52.19249
4210,20.87677,52.18894
4211,20.861394,52.191607
4212,20.913745,52.212075
4213,20.91421,52.20923
4214,20.915044,52.20605
4215,20.904235,52.20301
4216,20.895304,52.201929
4217,20.884576,52.195871
4218,20.880105,52.197529
4219,20.869765,52.19816
4220,20.862855,52.195125
4221,20.862081,52.190619
4222,20.90523,52.207495
4223,20.90027,52.208325
4224,20.894398,52.209278
4225,20.91986,52.20981
4226,20.86733,52.199745
4228,20.879125,52.195885
4229,20.85472,52.191355
4230,20.84385,52.186345
4231,20.84017,52.184593
4232,20.840385,52.188785
4233,20.840015,52.19241
4234,20.83537,52.19294
4235,20.82891,52.19298
4236,20.840465,52.17818
4237,20.904205,52.185705
4243,20.89196,52.18254
4244,20.80532,52.09319
4245,20.81091,52.09539
4246,20.81502,52.10125
4247,20.8088,52.11543
4248,20.79862,52.11591
4249,20.80206,52.10621
4250,20.91018,52.098195
4251,20.933925,52.091015
4253,20.948835,52.068905
4254,20.904585,52.19779
4255,20.900881,52.199582
4258,20.899578,52.190125
4259,20.900709,52.191235
4260,20.923875,52.095755
4261,21.00138,52.22328
4262,20.89716,52.196785
4264,20.8706,52.03187
4265,20.885195,52.017295
4266,20.82952,52.055
4267,20.842095,52.057325
4269,20.94838,52.086236
4270,20.967504,52.082001
4271,20.96667,52.07476
4273,20.93408,52.068005
4274,20.928125,52.0657
4275,20.97645,52.08085
4276,20.99332,52.08217
4277,21.004695,52.082655
4278,20.85757,52.057665
4279,20.945468,52.158012
4280,20.93283,52.17252
4281,20.92907,52.17302
4282,20.92288,52.174535
4283,20.904772,52.188954
4284,20.89608,52.186194
4285,20.8019,52.090535
4286,20.79245,52.08333
4287,20.7674,52.08205
4288,20.784511,52.078179
4289,20.75972,52.0706
4290,20.74484,52.0489
4291,20.7538,52.04849
4292,20.76793,52.04988
4293,20.78109,52.04829
4294,20.786,52.06212
4296,20.78381,52.04906
4297,20.78276,52.03039
4298,20.78674,52.02313
4299,20.80172,52.02983
4300,20.81318,52.03146
4301,20.82159,52.03649
4302,20.81508,52.04014
4303,20.96834,52.19443
4304,20.97306,52.19332
4305,20.885085,52.20588
4306,20.86887,52.201645
4307,20.874405,52.20016
4308,20.884735,52.18637
4309,20.885465,52.183605
4310,20.96456,52.2017
4311,20.95666,52.20203
4312,20.9494,52.20286
4313,20.89029,52.19683
4315,20.79877,52.167755
4327,20.919175,52.17525
4329,20.978452,52.106118
4330,20.975685,52.101642
4331,20.973382,52.095904
4332,20.869805,52.20624
4333,20.845224,52.062589
4334,20.886415,52.18102
4336,20.89775,52.188205
4337,20.860612,52.194078
4338,20.965883,52.210928
4339,20.859404,52.207347
4340,20.865058,52.207001
4342,20.868793,52.19193
4343,20.86814,52.194243
4346,20.819519,52.098752
4801,20.93638,52.09059
4802,20.928595,52.128745
4803,20.93,52.12197
4804,20.93072,52.115815
4805,20.931595,52.11036
4806,20.931825,52.103085
4807,20.909675,52.096895
4808,20.902525,52.08845
4809,20.896865,52.08264
4810,20.891045,52.076605
4811,20.893545,52.06894
4812,20.893993,52.07976
4813,20.884355,52.080255
4814,20.85656,52.029743
4815,20.837675,52.030965
4816,20.82865,52.03137
4817,20.98553,52.09035
4818,20.971578,52.092814
4819,20.961605,52.095305
4835,20.78736,52.16017
4837,20.80542,52.17343
4849,20.80369,52.17314
4850,20.864732,52.085764
4851,20.854795,52.088872
4852,20.97806,52.091514
4853,20.871006,52.084233
4855,20.89136,52.07901
4856,20.9307,52.14882
4857,20.818304,52.15892
4858,20.806858,52.162568
4859,20.78898,52.163405
4860,20.807815,52.165475
4861,20.866173,52.143902
4862,20.84816,52.14583
4863,20.912372,52.127378
4864,20.90217,52.122933
4865,20.848777,52.152289
4866,20.84132,52.156859
4867,20.909782,52.123547
4868,20.881408,52.144029
4869,20.892198,52.142999
4870,20.876654,52.14383
4871,20.872322,52.057412
4872,20.887481,52.055605
4873,20.892052,52.045463
4874,20.877036,52.047264
4875,20.933668,52.095796
4877,20.816145,52.170526
4900,20.965466,52.220044
4901,20.990925,52.22584
4902,20.914779,52.206112
4903,20.885445,52.196455
4904,20.84291,52.18266
4905,20.79887,52.16823
4910,20.96558,52.219475
4911,20.989675,52.225455
4912,20.94792,52.214405
4913,20.941678,52.205656
4914,20.935815,52.19447
4915,20.92463,52.18654
4916,20.904665,52.181405
4917,20.966218,52.19677
4918,20.980364,52.193398
4919,20.975106,52.16975
4920,20.987387,52.16701
4921,20.889582,52.205766
4922,20.864108,52.208411
4923,20.869622,52.191372
5001,20.922945,52.221827
5002,20.987428,52.239862
5003,20.980168,52.237079
5004,20.974017,52.235232
5005,20.966727,52.23363
5006,20.960187,52.232239
5007,20.955469,52.230868
5008,20.950936,52.229835
5009,20.942166,52.226486
5010,20.937225,52.225508
5011,20.930825,52.224836
5012,20.917782,52.220594
5013,20.908975,52.218355
5014,20.901322,52.21697
5015,20.88569,52.21658
5016,20.874057,52.216267
5017,20.883765,52.243525
5018,20.883635,52.246765
5019,20.948036,52.235415
5020,20.948435,52.238602
5021,20.929528,52.223384
5022,20.945607,52.227316
5023,20.947945,52.243825
5024,20.977507,52.238036
5025,20.97254,52.237192
5026,20.964998,52.237573
5028,20.955771,52.237948
5030,20.94134,52.239083
5031,20.935686,52.23989
5032,20.930775,52.240448
5033,20.917931,52.239636
5034,20.912991,52.239193
5035,20.905352,52.238996
5036,20.99098,52.234735
5037,20.982315,52.233322
5038,20.969284,52.231436
5039,20.992376,52.231909
5040,20.983411,52.230104
5041,20.979317,52.229458
5042,20.969439,52.229152
5043,20.957122,52.227946
5044,20.952036,52.227251
5045,20.896946,52.220961
5046,20.897276,52.224075
5047,20.897313,52.227517
5048,20.896824,52.231566
5049,20.896614,52.23601
5050,20.89866,52.238998
5051,20.89698,52.242088
5052,20.898851,52.246818
5053,20.898278,52.252304
5054,20.89786,52.25599
5055,20.898419,52.258815
5056,20.899872,52.263473
5057,20.916393,52.22533
5058,20.915184,52.229081
5059,20.914974,52.231443
5060,20.914178,52.236072
5061,20.912539,52.242123
5062,20.928013,52.2635
5063,20.913504,52.252203
5064,20.919972,52.257243
5065,20.932685,52.268827
5066,20.970604,52.240756
5067,20.96594,52.243846
5068,20.962379,52.246319
5069,20.957142,52.247157
5070,20.953248,52.247304
5071,20.947546,52.246774
5072,20.942879,52.246528
5073,20.93926,52.246496
5074,20.925207,52.247252
5076,20.916782,52.24743
5077,20.911226,52.247256
5078,20.906042,52.246757
5079,20.88989,52.25048
5080,20.88477,52.251305
5081,20.880775,52.25105
5082,20.87527,52.25087
5083,20.877555,52.24844
5084,20.977722,52.239628
5085,20.977948,52.241851
5086,20.977214,52.244726
5087,20.979338,52.248978
5088,20.993522,52.230228
5089,20.98917,52.237168
5090,20.85929,52.21588
5091,20.83891,52.2144
5092,20.882063,52.21589
5093,20.894425,52.24971
5095,20.97791,52.23257
5096,20.958175,52.22355
5097,20.959615,52.220865
5098,20.942147,52.230268
5099,20.941195,52.2334
5100,20.939194,52.235838
5102,20.91855,52.262625
5103,20.934415,52.234205
5104,20.927443,52.233956
5105,20.924999,52.23208
5106,20.920861,52.248932
5107,20.92398,52.25312
5108,20.907135,52.22842
5109,20.90111,52.227915
5110,20.9059,52.25518
5112,20.965075,52.24052
5113,20.920912,52.232067
5114,20.95509,52.251785
5116,20.95802,52.243125
5117,20.89042,52.216465
5118,20.967491,52.228117
5119,20.969225,52.22526
5120,20.969295,52.22296
5121,20.9647,52.22136
5122,20.970815,52.254315
5123,20.966,52.25292
5124,20.965285,52.249055
5125,20.96753,52.24467
5126,20.922505,52.213125
5127,20.930641,52.214686
5128,20.93292,52.21605
5129,20.817438,52.210857
5130,20.80071,52.21027
5131,20.791175,52.210545
5132,20.777325,52.210945
5133,20.770015,52.21114
5134,20.774605,52.214995
5135,20.86965,52.25108
5136,20.86945,52.24939
5137,20.749305,52.21195
5138,20.74453,52.21454
5139,20.740588,52.211822
5140,20.850045,52.21531
5141,20.75753,52.21144
5142,20.88464,52.240697
5143,20.87426,52.242315
5144,20.863585,52.243985
5145,20.850755,52.246965
5146,20.76514,52.21125
5147,20.87306,52.24918
5148,20.932165,52.262895
5149,20.931365,52.26004
5150,20.932467,52.2577
5151,20.931265,52.25461
5152,20.935855,52.25236
5154,20.987614,52.243041
5155,20.985759,52.246066
5156,20.983734,52.248102
5157,20.979089,52.244443
5158,20.974275,52.2542
5159,20.980369,52.253316
5160,20.91763,52.25554
5161,20.924363,52.260364
5162,20.88507,52.26469
5163,20.89817,52.249473
5164,20.9402,52.261035
5165,20.936105,52.259115
5166,20.98087,52.2431
5169,20.694991,52.19339
5170,20.867515,52.22916
5171,20.86258,52.22895
5172,20.858355,52.225225
5173,20.850964,52.227638
5174,20.79686,52.230595
5175,20.782792,52.23056
5176,20.773125,52.231005
5177,20.76355,52.23164
5178,20.744806,52.230842
5183,20.700084,52.21126
5184,20.696521,52.20251
5186,20.79744,52.211102
5187,20.799144,52.213678
5188,20.801158,52.222441
5189,20.871985,52.213145
5190,20.800278,52.218174
5191,20.82353,52.231208
5192,20.896264,52.2164
5193,20.987025,52.233992
5194,20.922812,52.24032
5196,20.738105,52.230563
5197,20.811192,52.21313
5198,20.74028,52.215359
5199,20.737775,52.223318
5200,20.881512,52.227867
5201,20.888304,52.227385
5202,20.714961,52.212384
5203,20.94533,52.224804
5204,20.94144,52.223575
5205,20.936807,52.222177
5207,20.891908,52.232849
5208,20.893481,52.236376
5800,20.834238,52.230451
5801,20.819028,52.231366
5802,20.814258,52.224667
5803,20.795987,52.207967
5902,20.961443,52.221924
5903,20.957829,52.229789
5904,20.95845,52.239018
5905,20.796606,52.207414
5906,20.701958,52.20006
5907,20.959056,52.246389
6001,20.992466,52.262344
6002,20.989697,52.264898
6003,20.985559,52.269123
6004,20.979306,52.270418
6005,20.970694,52.271987
6006,20.963158,52.275666
6007,20.959182,52.280864
6008,20.955668,52.283517
6009,20.95432,52.285408
6010,20.952304,52.287748
6011,20.950095,52.290031
6012,20.946718,52.29342
6013,20.944932,52.295054
6014,20.942685,52.297884
6015,20.939472,52.301027
6016,20.93304,52.30588
6017,20.926955,52.308744
6018,20.920953,52.314448
6020,20.953623,52.276183
6021,20.947962,52.27659
6022,20.94285,52.27755
6023,20.938772,52.277834
6024,20.933441,52.278492
6025,20.928191,52.280169
6026,20.924136,52.281116
6027,20.920665,52.282201
6028,20.91524,52.28316
6029,20.903445,52.28379
6030,20.89716,52.2844
6031,20.88672,52.28589
6032,20.88162,52.28656
6033,20.878065,52.28705
6034,20.878385,52.29552
6035,20.882018,52.299228
6036,20.88326,52.303165
6037,20.88315,52.30948
6038,20.88237,52.31775
6039,20.979025,52.262351
6040,20.971508,52.264355
6041,20.96188,52.267011
6042,20.95869,52.267999
6043,20.953098,52.269476
6044,20.951,52.27027
6045,20.944678,52.271443
6046,20.938357,52.275256
6047,20.933942,52.271204
6048,20.924934,52.272716
6049,20.922648,52.276212
6050,20.928248,52.28451
6051,20.956845,52.2784
6052,20.95071,52.281205
6053,20.88451,52.305435
6054,20.944785,52.28395
6055,20.939556,52.285836
6057,20.933695,52.28901
6058,20.922936,52.284803
6059,20.929063,52.291227
6061,20.9348,52.298649
6062,20.912715,52.31014
6064,20.90986,52.286285
6065,20.903995,52.28687
6066,20.902415,52.292475
6068,20.904975,52.295025
6069,20.901494,52.298088
6070,20.93793,52.292075
6071,20.9075,52.305
6072,20.911375,52.30924
6073,20.916195,52.311085
6074,20.920708,52.308811
6075,20.967038,52.273404
6076,20.983356,52.272534
6077,20.981102,52.275064
6078,20.98322,52.276255
6079,20.98653,52.278925
6080,20.98402,52.281905
6081,20.9788,52.28529
6082,20.976438,52.28826
6083,20.989355,52.282685
6084,20.85246,52.27489
6085,20.966331,52.283666
6086,20.970866,52.285207
6087,20.950555,52.271325
6088,20.968033,52.26142
6089,20.970678,52.25844
6090,20.96922,52.25604
6091,20.96137,52.259114
6093,20.957988,52.25997
6094,20.976679,52.266246
6095,21.00367,52.265285
6096,20.99714,52.27108
6097,20.941285,52.28058
6098,20.980565,52.26738
6099,20.991295,52.2703
6100,20.886993,52.304783
6101,20.884185,52.3212
6102,20.88125,52.32329
6103,20.893805,52.295875
6107,20.81462,52.269225
6108,20.807845,52.273535
6109,20.770825,52.256515
6110,20.74973,52.25588
6111,20.734237,52.25263
6112,20.86475,52.27512
6113,20.856701,52.264424
6114,20.851808,52.258422
6115,20.842595,52.25068
6116,20.76732,52.30781
6117,20.777238,52.303368
6118,20.78571,52.30024
6119,20.799843,52.295713
6120,20.803677,52.29508
6121,20.810255,52.29361
6122,20.81646,52.292355
6123,20.827177,52.29059
6124,20.839445,52.29123
6125,20.85027,52.292605
6126,20.85666,52.29072
6127,20.79828,52.28711
6128,20.875995,52.28157
6129,20.953465,52.262355
6131,20.94699,52.268157
6132,20.941545,52.26956
6133,20.977226,52.278888
6134,20.970515,52.27713
6135,20.806005,52.29862
6136,20.972441,52.282084
6137,20.973699,52.279424
6138,20.87709,52.29241
6139,20.81231,52.31266
6140,20.870195,52.28812
6141,20.882765,52.32935
6142,20.87946,52.3316
6143,20.88065,52.33553
6144,20.88645,52.33319
6145,20.91718,52.31291
6146,20.8084,52.30306
6147,20.83861,52.25603
6148,20.82486,52.26397
6149,20.820795,52.25182
6150,20.835785,52.248705
6151,20.7955,52.254413
6152,20.79565,52.26427
6153,20.802035,52.27317
6154,20.80255,52.27729
6155,20.945645,52.26557
6157,20.71776,52.25598
6158,20.70323,52.25897
6159,20.686755,52.2606
6160,20.67733,52.26218
6161,20.664545,52.263425
6162,20.647995,52.26292
6163,20.629,52.26191
6164,20.614475,52.260505
6165,20.60311,52.259395
6166,20.58637,52.25757
6168,20.847219,52.341466
6169,20.86618,52.24974
6170,20.85852,52.25074
6171,20.848155,52.251075
6172,20.86278,52.25007
6173,20.735565,52.260892
6174,20.739668,52.274402
6175,20.74374,52.28219
6176,20.729726,52.283627
6177,20.713273,52.278818
6178,20.704004,52.265492
6179,20.697757,52.260536
6180,20.786,52.26402
6181,20.768625,52.259255
6183,20.79563,52.26592
6184,20.816245,52.252885
6185,20.826755,52.250545
6186,20.805005,52.253265
6187,20.75975,52.256555
6188,20.7384,52.252155
6189,20.916305,52.27396
6190,20.912025,52.27299
6191,20.903955,52.274865
6193,20.882387,52.315026
6196,20.875525,52.276815
6197,20.989346,52.26039
6198,20.983516,52.259918
6199,20.752915,52.25955
6200,20.83207,52.26082
6202,20.786795,52.255285
6208,20.79708,52.268195
6209,20.873485,52.275005
6211,20.866997,52.288673
6212,20.993204,52.259486
6214,20.887614,52.297626
6215,20.974397,52.25966
6217,20.773625,52.260125
6218,20.708698,52.270462
6219,20.868615,52.332792
6220,20.742443,52.27967
6221,20.966833,52.257113
6222,20.899528,52.325629
6223,20.928594,52.271405
6224,20.894176,52.321422
6401,20.779745,52.370323
6407,20.889924,52.339983
6411,20.86543,52.347816
6624,20.911109,52.323426
6625,20.902885,52.329237
6626,20.902055,52.331514
6627,20.899061,52.334204
6628,20.895344,52.337525
6629,20.872414,52.34637
6630,20.875717,52.350205
6631,20.875237,52.352616
6632,20.869063,52.355078
6633,20.862586,52.357663
6634,20.856066,52.360505
6635,20.851254,52.362593
6636,20.843675,52.365945
6637,20.837401,52.368038
6638,20.828544,52.370525
6639,20.820894,52.372529
6640,20.812589,52.374195
6641,20.837327,52.367475
6642,20.827405,52.34907
6643,20.843604,52.354911
6644,20.833194,52.357694
6645,20.830798,52.352026
6646,20.805602,52.375616
6647,20.7977,52.377221
6648,20.78795,52.379103
6649,20.784008,52.379354
6650,20.782158,52.38081
6651,20.775376,52.383132
6652,20.769334,52.385246
6653,20.76162,52.38785
6654,20.755109,52.389819
6655,20.74276,52.391407
6656,20.73279,52.390345
6657,20.71514,52.392102
6658,20.907763,52.326451
6660,20.817202,52.35203
6801,20.72733,52.250675
6802,20.7191,52.249737
6803,20.71023,52.247965
6804,20.69849,52.24536
6806,20.856468,52.346312
6807,20.862642,52.348753
6808,20.872242,52.345663
6809,20.877254,52.344054
6810,20.883104,52.342183
6811,20.892081,52.338849
6812,20.846773,52.242188
6814,20.830813,52.268932
6815,20.83241,52.28321
6816,20.829215,52.285955
6817,20.462668,52.267805
6818,20.46399,52.268064
6819,20.486086,52.2635
6820,20.501399,52.261138
6821,20.518074,52.259624
6822,20.526769,52.258966
6823,20.559016,52.256731
6824,20.572162,52.256906
6825,20.540709,52.258278
6826,20.80422,52.277649
7001,21.002927,52.233097
7002,21.003087,52.228873
7003,21.036677,52.234718
7004,21.008475,52.222845
7005,21.011118,52.220056
7006,21.015122,52.21878
7008,21.02008,52.21602
7009,21.019906,52.217986
7010,21.017981,52.219628
7011,21.016055,52.222799
7012,21.01382,52.226357
7013,21.011397,52.230374
7014,21.008278,52.235464
7015,21.006637,52.238393
7016,21.002352,52.24324
7017,20.998413,52.249256
7018,20.998116,52.253688
7019,20.995085,52.258103
7020,20.990501,52.252812
7021,20.99443,52.253801
7023,20.99448,52.24879
7024,20.997735,52.247015
7025,21.003116,52.237083
7026,21.009495,52.24346
7027,21.013,52.24288
7028,21.010955,52.239555
7029,21.012145,52.23878
7030,21.01103,52.23522
7031,21.01379,52.23518
7032,21.01477,52.232405
7033,21.017068,52.230569
7034,21.01798,52.227395
7035,21.0198,52.223773
7036,21.015585,52.21616
7037,21.025486,52.219696
7038,21.024183,52.223733
7039,21.029645,52.2244
7040,21.022768,52.228709
7041,21.021902,52.231998
7042,21.01979,52.232755
7043,21.017867,52.237075
7044,21.01699,52.23959
7045,21.015595,52.24175
7046,21.01395,52.245025
7047,21.015,52.246758
7048,21.010265,52.246995
7049,21.01829,52.23597
7050,21.00558,52.24899
7051,21.00126,52.25237
7052,21.003637,52.25523
7053,20.998544,52.25572
7054,21.002577,52.258697
7055,21.007434,52.260025
7056,21.011675,52.255075
7057,21.017387,52.249566
7058,21.02042,52.24686
7059,21.01992,52.24583
7060,21.022175,52.243675
7061,21.024655,52.24193
7062,21.027465,52.23902
7063,21.031255,52.23619
7064,21.03323,52.23498
7065,21.037093,52.232463
7066,21.03375,52.23044
7067,21.026593,52.23738
7068,21.02804,52.23363
7069,21.030537,52.230083
7070,21.034195,52.226025
7071,21.03666,52.222035
7072,21.039095,52.217005
7073,21.04573,52.215473
7074,21.04573,52.218775
7075,21.044527,52.221073
7076,21.043641,52.223763
7077,21.04106,52.22584
7078,21.003005,52.249795
7079,21.029901,52.240295
7080,21.019048,52.217765
7081,20.987618,52.256472
7082,20.991396,52.244347
7083,20.989117,52.247467
7084,20.985602,52.251023
7085,20.994163,52.241841
7086,20.996148,52.23835
7087,20.99684,52.235875
7088,20.998421,52.232794
7089,21.004703,52.223045
7090,21.004878,52.220516
7091,20.983001,52.254544
7092,21.03627,52.22518
7093,21.005423,52.216824
7094,21.006247,52.213095
7095,21.02652,52.21426
7098,21.042092,52.228702
7099,21.001074,52.244997
7100,21.02053,52.24319
7101,21.004851,52.24472
7102,20.98709,52.25756
7104,21.01418,52.252605
7106,21.024333,52.244805
7900,21.002868,52.228768
7901,21.007515,52.22936
7902,21.02813,52.233735
7903,20.992184,52.258944
7911,20.99999,52.22756
