1001,3150,127
1002,2763,122
1003,5888,207
1004,405,4
1005,2008,139
1006,4051,109
1007,689,13
1008,689,13
1009,211,3
1010,690,12
1011,422,6
1012,422,6
1013,2688,48
1014,472,33
1015,872,74
1016,1475,84
1017,1638,82
1018,1198,60
1019,975,62
1020,1740,78
1021,546,14
1022,744,20
1023,887,26
1024,293,19
1025,495,25
1026,293,19
1027,294,18
1028,1249,50
1029,197,1
1030,197,1
1031,196,2
1032,455,26
1033,457,24
1034,457,24
1035,454,4
1036,202,4
1037,134,4
1038,134,4
1039,252,4
1040,252,4
1041,378,6
1042,252,4
1044,134,4
1045,388,0
1046,388,0
1047,448,13
1048,263,20
1052,1528,39
1053,1816,81
1054,2275,72
1055,1777,76
1056,1849,84
1057,1409,75
1058,1201,59
1059,1232,57
1060,1820,59
1061,457,9
1062,163,2
1064,401,6
1065,401,6
1066,1713,78
1067,215,39
1070,129,22
1071,768,7
1074,61,2
1075,1079,27
1076,307,14
1077,2718,85
1078,1629,43
1079,1734,44
1080,1792,43
1082,1438,22
1083,3430,48
1084,1440,20
1085,1440,20
1086,3033,39
1088,405,3
1089,466,3
1090,466,3
1092,451,1
1093,451,1
1094,451,1
1095,1656,27
1096,451,1
1097,618,1
1098,114,1
1099,114,1
1100,114,1
1101,114,1
1104,332,8
1105,275,8
1114,114,1
1115,116,2
1117,452,2
1118,396,0
1119,276,0
1120,177,1
1122,1362,30
1123,102,10
1124,560,13
1125,561,12
1126,816,13
1127,302,12
1128,302,12
1129,302,12
1130,333,13
1131,334,12
1132,334,12
1133,332,14
1134,159,11
1135,159,11
1136,768,5
1137,278,1
1138,906,6
1139,768,5
1140,651,11
1142,522,17
1143,1121,24
1144,749,12
1145,965,11
1147,1219,37
1151,440,8
1152,708,12
1153,1462,42
1154,740,31
1155,1730,43
1156,780,24
1157,964,25
1158,857,4
1159,1210,14
1160,457,24
1162,584,3
1163,1760,73
1164,1695,35
1165,740,31
1166,202,3
1167,202,3
1168,202,3
1169,105,1
1170,256,1
1171,121,1
1172,97,2
1173,97,2
1174,97,2
1177,161,3
1178,161,3
1179,1578,18
1180,559,4
1181,656,6
1182,656,6
1183,689,7
1184,95,2
1185,110,6
1186,110,6
1187,152,8
1188,192,12
1189,267,13
1190,267,13
1191,242,10
1192,158,8
1193,87,3
1194,276,0
1195,2061,77
1196,90,2
1197,28,0
1199,1,9
1200,334,12
1202,232,6
1203,188,5
1204,188,5
1205,314,3
1208,83,2
1209,399,8
1210,399,8
1211,401,14
1213,317,2
1215,1157,21
1216,1386,22
1217,522,4
1218,275,8
1219,1061,59
1220,195,21
1221,307,20
1222,399,8
1223,112,4
1224,112,4
1225,159,5
1226,344,7
1227,95,2
1228,95,2
1229,33,0
1230,328,13
1231,648,14
1232,621,30
1233,622,23
1235,701,28
1236,530,22
1237,573,24
1238,450,23
1239,469,22
1240,271,13
1241,259,13
1242,259,13
1243,113,7
1246,259,13
1250,395,3
1251,309,2
1253,1677,77
1254,546,14
1255,127,4
1256,2485,90
1257,177,1
1258,579,28
1259,390,1
1260,703,11
1264,132,4
1265,158,12
1266,206,14
1267,314,42
1274,486,47
1275,88,9
1276,132,13
1277,2528,87
1279,717,39
1280,783,7
1281,354,4
1282,1809,18
1283,255,5
1285,255,5
1286,499,12
1287,536,12
1288,232,3
1289,232,3
1290,190,3
1291,190,3
1292,65,1
1293,332,5
1294,424,7
1296,332,5
1297,102,10
1298,1155,59
1299,56,4
1300,118,0
1301,717,21
1302,501,13
1303,62,0
1304,401,6
1307,28,0
1308,28,0
1311,167,0
1312,380,4
1313,380,4
1314,177,1
1315,279,5
1316,268,5
1318,232,3
1319,1140,9
1323,157,14
1324,128,8
1325,128,8
1326,978,8
1328,137,4
1329,137,4
1332,137,4
1334,47,2
1335,137,4
1339,130,0
1343,154,0
1344,140,0
1345,96,0
1346,104,2
1352,524,23
1353,366,3
1354,367,3
1355,270,1
1357,842,4
1358,842,4
1359,873,3
1360,26,0
1361,26,0
1362,26,0
1366,468,21
1367,31,1
1368,15,1
1370,281,10
1371,319,11
1372,270,10
1377,66,2
1378,34,0
1389,262,1
1390,26,1
1391,45,0
1393,144,0
1395,136,1
1396,16,0
1397,10,0
1398,43,0
1402,337,2
1403,337,2
1404,177,1
1405,401,3
1406,400,4
1407,128,8
1409,128,8
1411,15,1
1412,31,1
1413,31,1
1414,31,1
1415,48,2
1416,48,2
1417,31,1
1418,31,1
1420,31,1
1425,28,2
1429,177,1
1435,27,0
1436,27,0
1437,27,0
1438,332,5
1447,118,5
1450,91,5
1463,231,7
1464,56,2
1468,203,1
1469,1365,31
1471,233,3
1472,227,3
1473,237,4
1474,339,14
1479,128,8
1481,321,20
1482,263,28
1487,43,0
1488,43,0
1490,43,0
1491,43,0
1492,47,2
1493,137,4
1494,137,4
1496,233,9
1497,380,4
1503,56,2
1506,321,20
1514,128,8
1517,387,4
1519,189,4
1520,71,1
1521,224,6
1524,287,5
1526,61,0
1527,57,0
1529,163,2
1700,116,0
1702,27,0
1705,43,0
1706,76,0
1713,43,0
1714,43,0
1719,145,4
1732,19,0
1735,65,0
1746,100,0
1748,190,0
1749,20,0
1765,90,0
1766,44,0
1767,136,1
1778,22,0
1779,19,0
1800,59,1
1801,112,4
1802,112,4
1804,145,4
1805,145,4
1806,145,4
1807,145,4
1808,145,4
1809,60,0
1810,145,4
1811,60,0
1812,85,4
1813,289,15
1814,155,7
1815,10,0
1817,8,0
1818,8,0
1820,21,0
1834,112,4
1835,112,4
1843,64,4
1846,88,0
1847,29,0
1851,184,0
1852,183,0
1853,124,0
1854,124,0
1855,48,0
1856,32,0
1857,32,0
1860,124,0
1861,31,1
1869,207,1
1870,88,1
1888,58,1
1902,39,1
1903,39,1
1904,39,1
1905,39,1
1906,39,1
1907,38,2
1908,30,1
1909,24,1
1960,10,0
1964,10,0
1965,248,0
1966,60,0
1967,32,0
1969,0,0
1970,0,0
1971,0,0
1972,0,0
1973,0,0
1974,0,0
1976,32,0
1977,32,0
1982,0,0
2001,2848,85
2002,1581,72
2003,1145,60
2004,1145,60
2005,1175,60
2006,1547,63
2007,639,5
2008,3684,110
2009,642,8
2010,2445,81
2011,2962,97
2012,2433,50
2013,2127,48
2014,2438,45
2015,2103,58
2016,236,7
2017,458,26
2018,1134,32
2019,671,23
2020,894,29
2021,132,14
2022,132,14
2023,132,14
2024,489,8
2025,489,8
2026,489,8
2027,489,8
2028,697,14
2029,539,12
2030,540,11
2031,540,11
2033,92,2
2037,544,4
2038,545,3
2039,894,10
2040,308,0
2041,306,2
2042,306,2
2043,833,8
2044,306,2
2045,306,2
2046,609,7
2047,609,7
2048,1026,12
2049,315,5
2050,315,5
2051,315,5
2052,465,13
2053,254,9
2054,254,9
2055,286,12
2056,75,1
2058,756,48
2059,1228,54
2060,559,30
2061,828,32
2062,832,32
2063,421,9
2064,860,36
2065,317,10
2066,156,5
2067,250,11
2068,163,10
2069,163,10
2070,1209,34
2071,129,3
2072,257,6
2073,257,6
2074,257,6
2075,237,5
2079,54,1
2080,56,0
2081,367,7
2082,367,7
2083,1107,19
2084,574,6
2085,574,6
2087,483,7
2088,621,10
2090,486,9
2091,486,9
2092,486,9
2093,486,9
2094,486,9
2095,486,9
2096,930,9
2097,2987,42
2098,1751,14
2099,402,2
2100,1822,17
2101,1318,11
2102,1546,52
2103,764,6
2104,709,10
2106,302,4
2107,932,8
2109,868,19
2110,700,17
2111,700,17
2112,700,17
2113,773,15
2114,421,14
2115,421,14
2116,451,14
2117,140,2
2118,282,5
2119,281,6
2123,277,4
2124,452,3
2125,173,2
2127,114,2
2128,629,7
2129,127,2
2130,724,7
2131,4271,66
2132,1305,49
2133,1305,49
2134,1121,49
2138,934,7
2139,409,5
2140,933,8
2141,175,1
2142,175,1
2143,1350,8
2144,1350,8
2145,1410,8
2146,1352,51
2147,771,4
2148,1884,63
2149,998,48
2150,323,0
2151,118,0
2152,118,0
2153,244,2
2155,126,2
2156,28,0
2157,28,0
2159,28,0
2160,114,4
2161,114,4
2162,231,4
2163,114,4
2164,231,4
2165,231,4
2166,147,1
2167,147,1
2168,146,2
2169,146,2
2170,72,1
2171,72,1
2172,72,1
2173,72,1
2174,217,2
2175,217,2
2177,72,1
2178,72,1
2179,72,1
2180,72,1
2181,72,1
2182,36,0
2185,137,3
2186,137,3
2187,137,3
2188,373,7
2189,196,3
2190,344,10
2191,252,8
2192,252,8
2193,106,4
2194,177,5
2195,177,5
2198,283,14
2199,209,13
2200,209,13
2201,209,13
2205,703,60
2206,456,19
2207,383,18
2208,383,18
2209,383,18
2212,283,14
2213,283,14
2214,283,14
2215,208,6
2216,116,4
2217,116,4
2218,116,4
2219,56,0
2220,598,11
2221,231,4
2237,72,3
2239,63,2
2241,33,2
2242,17,1
2247,196,3
2248,170,2
2249,456,19
2250,275,1
2251,215,1
2252,297,2
2253,182,1
2256,199,5
2257,116,4
2258,283,14
2262,325,5
2263,331,5
2264,236,4
2265,236,4
2266,138,2
2267,138,2
2268,138,2
2269,272,3
2270,175,1
2271,170,2
2274,170,2
2275,509,10
2276,317,10
2277,796,28
2278,236,16
2279,236,16
2280,236,16
2281,406,18
2282,406,8
2283,236,6
2284,236,6
2285,237,5
2291,133,13
2292,325,17
2293,547,21
2294,379,17
2295,379,17
2296,136,10
2297,86,8
2298,110,8
2299,24,0
2305,50,2
2306,317,10
2313,645,7
2317,395,18
2318,395,18
2320,95,2
2321,397,16
2322,397,16
2325,140,10
2326,86,8
2328,86,8
2329,86,8
2339,50,6
2340,50,6
2345,169,3
2346,871,17
2347,637,13
2348,637,13
2349,637,13
2358,91,2
2362,524,6
2368,36,4
2371,74,0
2372,74,0
2386,73,1
2387,73,1
2391,50,6
2392,50,6
2393,50,6
2395,158,2
2396,158,2
2397,138,2
2399,276,9
2413,375,4
2414,36,0
2415,267,4
2416,267,4
2417,267,4
2418,205,3
2430,231,4
2438,250,4
2440,342,8
2441,286,3
2449,198,6
2802,61,2
2852,158,4
2900,74,4
3001,2688,18
3002,1695,16
3003,1312,11
3004,1181,8
3005,1596,16
3006,1198,9
3007,1205,9
3008,823,12
3009,1107,21
3010,430,6
3011,3307,61
3012,1036,36
3013,1360,34
3014,622,27
3015,757,30
3016,757,31
3017,757,31
3018,757,31
3019,758,30
3020,667,24
3021,667,24
3022,741,24
3023,650,24
3024,91,0
3026,2444,10
3027,1891,9
3028,724,5
3029,525,3
3030,1383,47
3031,1325,45
3032,1325,45
3033,2394,68
3034,1263,14
3035,1263,14
3036,1101,14
3037,454,10
3038,404,10
3039,1784,62
3040,467,7
3041,467,7
3042,1485,25
3043,1220,24
3044,1416,28
3045,751,24
3046,310,6
3047,287,6
3048,240,5
3049,300,5
3050,378,12
3051,324,10
3052,386,9
3055,207,3
3057,1177,14
3058,1923,11
3059,1763,10
3060,1751,50
3061,643,7
3062,1195,5
3063,1257,8
3064,1796,22
3065,858,12
3066,513,7
3067,245,1
3068,245,1
3069,108,4
3070,108,4
3071,108,4
3072,108,4
3080,396,7
3082,268,6
3083,268,6
3084,1019,4
3085,1019,4
3086,249,3
3087,70,0
3089,288,3
3090,288,3
3091,288,3
3092,1070,19
3093,1131,55
3094,1181,59
3095,405,1
3096,552,8
3097,1131,9
3098,1121,53
3099,361,3
3100,525,3
3101,137,3
3102,122,3
3105,318,4
3108,157,1
3109,78,0
3110,166,0
3111,165,1
3112,165,1
3113,567,8
3114,625,5
3115,840,4
3116,956,5
3117,216,2
3118,233,6
3120,1145,7
3121,1164,6
3122,924,7
3125,236,6
3126,157,1
3127,550,45
3128,225,4
3129,451,7
3130,539,9
3131,720,7
3132,656,2
3133,547,7
3134,1172,15
3136,831,8
3137,171,2
3138,1004,11
3139,990,15
3140,830,3
3141,102,2
3142,105,1
3143,29,0
3144,148,3
3146,452,1
3147,431,18
3148,429,20
3149,429,20
3150,429,20
3151,724,4
3152,160,2
3160,650,24
3161,444,18
3162,517,19
3163,482,11
3164,339,9
3165,306,7
3167,456,7
3168,371,7
3169,403,9
3170,355,9
3171,214,8
3172,214,8
3173,36,0
3176,121,3
3177,121,3
3178,137,3
3179,137,3
3180,137,3
3181,227,5
3182,16,0
3183,226,6
3184,226,6
3185,273,7
3186,272,8
3187,205,7
3188,314,12
3190,481,1
3191,444,18
3192,244,8
3193,378,14
3194,212,1
3195,559,3
3196,160,2
3197,160,2
3198,160,2
3199,226,3
3200,481,1
3201,412,1
3202,240,0
3203,387,2
3205,90,2
3206,362,2
3207,240,0
3208,481,1
3209,410,3
3215,178,8
3216,178,8
3218,60,4
3219,60,4
3220,85,5
3221,85,5
3222,62,0
3223,114,0
3224,36,0
3228,1556,20
3229,502,7
3230,187,2
3231,507,7
3232,303,3
3234,92,2
3235,46,0
3237,746,14
3238,669,13
3239,1323,27
3240,1799,28
3241,1235,17
3242,1395,17
3243,3329,51
3244,591,16
3245,533,8
3246,329,1
3247,180,6
3248,1346,16
3249,790,17
3250,2015,24
3251,750,6
3254,1941,18
3255,492,10
3257,63,0
3258,569,3
3259,330,2
3260,287,2
3261,19,0
3263,121,3
3266,454,4
3267,608,12
3271,251,9
3275,132,6
3278,429,20
3279,1139,13
3280,902,14
3281,452,1
3282,1034,12
3283,387,2
3284,387,2
3285,179,7
3286,507,11
3287,647,10
3288,647,10
3289,278,11
3290,122,3
3291,362,1
3292,572,6
3297,60,0
3298,184,26
3299,478,6
3300,356,3
3301,180,6
3304,315,11
3306,36,0
3308,505,5
3309,467,7
3311,60,0
3312,60,0
3314,315,11
3317,160,2
3318,160,2
3319,160,2
3320,513,13
3321,230,5
3322,146,5
3323,339,3
3324,214,2
3325,283,2
3326,492,10
3328,40,0
3329,40,0
3332,45,3
3333,385,3
3334,255,3
3335,355,9
3337,277,5
3340,28,0
3343,251,10
3344,131,7
3345,65,4
3346,131,7
3347,131,7
3348,131,7
3349,66,3
3352,131,7
3353,352,2
3354,368,2
3355,46,4
3356,46,4
3357,30,4
3358,70,4
3359,94,4
3364,30,4
3365,30,4
3366,30,4
3367,30,4
3369,30,4
3370,177,4
3382,255,3
3384,183,1
3385,369,3
3388,108,4
3390,427,11
3391,20,0
3395,47,2
3396,47,2
3398,47,2
3399,47,2
3403,217,2
3404,165,1
3407,47,2
3409,158,2
3410,158,2
3411,158,2
3420,362,1
3421,207,3
3422,207,3
3423,207,3
3424,91,0
3426,240,0
3437,131,7
3438,131,7
3439,131,7
3440,131,7
3441,315,11
3443,147,4
3444,36,0
3446,66,3
3700,4,0
3701,422,11
3703,4,0
3704,4,0
3705,4,0
3706,4,0
3729,28,0
3730,56,0
3746,50,2
3748,56,0
3750,66,0
3756,61,0
3796,66,0
3797,66,0
3798,66,0
3799,66,0
3813,34,0
3814,34,0
3815,34,0
3816,34,0
3817,34,0
3819,122,0
3862,26,0
3863,26,0
3865,13,0
3866,16,0
3867,16,0
3868,16,0
3871,16,0
3872,16,0
3874,40,0
3880,48,0
3881,48,0
3882,37,0
3883,17,0
3889,67,3
3901,72,0
3950,66,0
3957,4,0
3961,26,0
3962,26,0
3963,48,0
3964,66,0
3970,26,0
4001,5483,121
4002,1386,10
4003,3622,70
4004,3025,62
4005,4727,82
4006,2050,48
4007,1544,44
4008,1302,37
4009,293,12
4010,1106,39
4011,1976,49
4012,1708,49
4013,424,6
4014,1707,50
4015,649,18
4016,615,21
4018,496,21
4019,461,20
4020,158,3
4021,158,3
4022,159,2
4023,159,2
4024,159,2
4025,159,2
4028,755,7
4029,1501,7
4030,822,7
4031,821,8
4032,824,12
4033,1026,12
4034,416,2
4035,829,4
4036,670,4
4037,1577,14
4038,631,5
4039,327,1
4041,142,0
4042,283,1
4043,1319,11
4044,1999,17
4045,2691,31
4046,1124,10
4047,1452,13
4048,1300,11
4049,1109,11
4051,1637,15
4052,2462,104
4053,50,2
4055,50,2
4056,50,2
4057,50,2
4064,288,8
4065,130,10
4067,87,7
4068,73,6
4069,29,3
4070,116,4
4071,107,5
4072,107,5
4073,107,5
4074,78,2
4075,78,2
4076,28,2
4081,69,1
4082,69,1
4084,78,1
4085,157,1
4089,263,5
4090,1015,8
4091,396,2
4092,1652,13
4093,780,8
4094,1391,17
4095,1159,14
4096,271,2
4098,292,3
4099,794,11
4100,388,6
4101,784,7
4102,267,1
4103,267,1
4104,71,1
4105,71,1
4106,36,0
4107,114,2
4108,1802,26
4109,195,4
4110,590,7
4111,115,1
4112,390,6
4113,377,4
4116,1158,7
4118,168,2
4120,83,1
4121,3938,58
4122,549,3
4123,1032,10
4125,1161,14
4128,146,2
4129,366,4
4131,177,0
4134,229,4
4135,46,4
4137,424,6
4140,141,1
4141,182,2
4143,182,2
4146,190,3
4147,190,3
4150,40,2
4153,190,0
4154,1446,17
4155,302,18
4156,150,11
4157,319,17
4158,272,15
4159,273,14
4160,139,4
4161,109,1
4162,109,1
4163,108,2
4164,106,2
4165,74,2
4166,273,12
4171,188,8
4172,47,2
4173,188,8
4194,16,0
4197,16,0
4198,182,2
4199,418,4
4200,223,1
4202,221,4
4203,256,2
4205,133,1
4206,47,2
4207,388,10
4209,66,0
4210,433,8
4211,308,4
4212,585,5
4213,685,5
4214,1517,14
4215,65,0
4216,751,7
4217,1540,21
4218,758,8
4219,768,10
4220,397,5
4222,368,4
4223,368,4
4224,293,3
4225,328,2
4226,73,1
4228,133,1
4229,88,2
4230,88,2
4231,175,3
4232,175,3
4233,175,3
4234,88,1
4236,87,1
4237,193,0
4243,37,0
4245,6,0
4250,85,2
4251,107,2
4253,45,3
4255,255,2
4258,215,2
4260,137,2
4262,255,2
4267,52,0
4269,79,2
4270,73,6
4271,44,4
4273,45,3
4274,45,3
4275,29,2
4276,29,2
4277,29,2
4279,158,3
4283,807,12
4284,37,0
4303,183,1
4304,183,1
4306,73,1
4307,73,1
4308,73,1
4309,73,1
4315,16,0
4336,426,4
4337,396,6
4338,162,3
4342,914,12
4343,914,12
4801,116,0
4807,108,0
4808,108,0
4809,108,0
4812,108,0
4813,50,0
4818,44,4
4835,8,0
4855,24,0
4900,74,2
4913,108,0
4917,72,0
4918,72,0
5001,2134,25
5002,1921,15
5003,4016,37
5004,1654,14
5005,2348,46
5006,1028,14
5007,1608,19
5008,2552,32
5009,1934,21
5010,1941,16
5012,2461,28
5013,816,13
5014,816,13
5015,275,11
5016,360,14
5019,1104,14
5020,1703,22
5021,2255,26
5022,413,8
5023,162,4
5024,237,1
5025,954,15
5026,753,12
5028,580,5
5030,1245,12
5031,1245,12
5032,943,9
5033,1245,12
5034,2753,34
5035,1402,20
5036,285,1
5037,2461,23
5038,434,17
5039,837,14
5040,5740,51
5041,886,13
5042,2131,26
5043,3072,32
5044,1840,17
5045,801,7
5046,759,6
5047,1255,9
5048,1062,6
5049,1062,6
5050,2586,38
5051,635,5
5052,844,8
5053,744,17
5054,744,17
5055,1285,23
5057,958,12
5058,1577,20
5059,967,13
5060,1250,17
5061,1033,12
5062,1930,25
5063,2044,33
5064,2053,26
5065,1576,22
5066,641,13
5067,798,19
5068,642,18
5069,920,20
5070,641,19
5071,947,25
5072,1057,24
5073,1627,33
5074,788,22
5077,1242,15
5079,185,1
5080,185,1
5081,184,2
5082,92,1
5083,83,1
5084,780,6
5085,489,2
5086,1159,14
5087,1333,21
5090,216,12
5091,216,12
5092,554,24
5093,185,1
5096,1242,23
5097,1242,23
5098,317,4
5099,317,4
5100,384,3
5102,565,8
5103,225,3
5104,220,2
5105,143,1
5106,1114,24
5107,697,9
5108,687,8
5109,687,8
5110,601,14
5112,441,12
5117,552,23
5129,218,10
5130,308,11
5131,218,10
5132,216,12
5134,16,0
5135,92,1
5136,133,2
5139,108,6
5140,216,12
5142,165,5
5143,82,4
5144,82,4
5145,205,10
5147,133,2
5150,452,6
5151,452,6
5152,452,6
5154,138,0
5155,746,13
5157,347,12
5158,240,12
5159,1397,19
5160,193,3
5161,1780,24
5163,888,18
5164,143,3
5165,143,3
5191,42,1
5192,1127,28
5193,52,1
5194,943,9
5197,42,1
5198,108,6
5201,34,0
5800,42,1
5801,42,1
5802,42,1
6001,961,5
6002,1103,5
6003,3625,58
6004,451,2
6005,1570,33
6006,1131,10
6007,974,10
6008,1161,12
6009,570,4
6010,986,9
6011,986,9
6012,570,4
6013,1049,20
6014,813,8
6015,1416,29
6016,1496,23
6017,1496,23
6018,824,12
6020,916,8
6021,1070,11
6022,354,1
6023,871,41
6024,1437,25
6025,1437,25
6026,2769,43
6027,1568,39
6028,785,20
6029,698,21
6030,698,21
6031,698,21
6032,698,21
6033,698,21
6034,250,2
6035,353,3
6036,353,3
6037,204,2
6038,204,2
6039,2004,32
6040,1338,20
6041,1164,18
6042,1327,16
6043,1050,14
6044,112,6
6045,1244,22
6046,1819,31
6047,2067,25
6048,446,5
6049,581,4
6050,908,7
6052,530,5
6053,732,6
6055,556,6
6057,1367,61
6058,198,2
6059,5861,135
6061,2090,45
6062,330,0
6069,685,0
6070,300,12
6071,394,0
6072,330,0
6073,674,4
6074,672,6
6075,2023,37
6076,1189,7
6077,724,6
6082,999,10
6083,158,1
6084,172,8
6085,552,5
6086,1001,10
6087,207,3
6088,386,13
6089,142,0
6090,462,14
6091,779,15
6093,505,4
6094,834,20
6095,140,2
6096,220,2
6097,227,3
6098,396,3
6099,158,1
6101,204,2
6102,85,1
6103,103,1
6107,271,7
6108,66,2
6109,82,4
6110,154,7
6111,135,5
6112,193,9
6113,43,2
6114,65,3
6117,446,18
6118,446,18
6119,482,21
6120,603,20
6121,462,14
6122,462,14
6123,462,14
6124,429,17
6125,429,17
6126,429,17
6127,25,2
6129,705,6
6131,716,7
6132,427,3
6133,1768,33
6135,285,9
6136,779,5
6137,779,5
6138,250,2
6139,141,6
6140,429,17
6141,85,1
6144,42,1
6146,285,9
6149,505,27
6151,195,8
6152,113,4
6153,41,1
6155,577,5
6157,83,3
6158,83,3
6159,83,3
6160,83,3
6184,108,6
6186,123,5
6187,82,4
6188,155,6
6193,204,2
6202,82,4
6208,41,1
6209,43,2
6211,183,9
6214,18,0
6215,142,0
6221,198,7
6223,570,6
6407,693,8
6411,330,6
6624,681,8
6625,300,5
6626,681,8
6627,681,8
6628,681,8
6642,49,1
6644,74,2
6645,49,1
6658,381,3
6660,49,1
6806,330,10
6807,354,6
6808,772,16
6810,1078,13
6826,12,1
7001,523,160
7002,7348,139
7003,2233,45
7004,70,1
7005,402,0
7006,4598,49
7009,2122,21
7010,913,5
7011,3144,35
7012,1375,27
7013,5664,112
7014,1233,172
7015,1220,56
7016,1582,56
7017,1051,4
7018,1753,6
7019,2968,57
7020,169,1
7023,352,12
7024,227,6
7025,285,1
7026,243,1
7028,285,1
7033,2787,47
7035,279,2
7037,3141,21
7038,689,3
7039,139,0
7040,1631,8
7041,2555,44
7042,1400,2
7043,448,84
7044,1924,6
7045,828,2
7046,1196,3
7047,1760,56
7048,534,1
7049,1399,3
7050,902,2
7051,215,0
7053,212,2
7054,1929,33
7055,2122,31
7056,140,2
7057,140,2
7058,208,17
7060,366,18
7061,456,18
7062,388,17
7063,278,2
7064,277,3
7065,513,5
7066,256,2
7067,486,66
7068,633,3
7069,825,11
7070,596,9
7071,2791,47
7072,108,4
7073,1012,11
7074,712,5
7075,645,5
7076,1426,17
7077,120,1
7078,175,0
7079,635,25
7080,403,0
7081,1282,29
7082,910,54
7083,1282,64
7084,1045,52
7085,2849,72
7086,1151,60
7087,105,1
7088,2868,120
7089,935,10
7090,1807,20
7091,3799,92
7092,120,1
7093,2272,21
7094,1275,15
7095,619,4
7099,2756,40
7104,140,2
